1,17
2,11
3,22
4,7
5,22
6,8
7,13
8,11
9,8
10,8
11,11
12,22
13,11
14,7
15,11
16,21
17,13
18,6
19,22
20,11
21,11
22,21
23,8
24,7
25,7
26,7
27,13
28,13
29,1
30,11
31,7
32,21
33,11
34,17
35,13
36,7
37,20
38,11
39,22
40,7
41,6
42,6
43,7
44,8
45,6
46,13
47,21
48,17
49,6
50,21
51,11
52,22
53,6
54,17
55,7
56,17
57,7
58,13
59,7
60,6
61,21
62,21
63,22
64,41
65,22
66,6
67,11
68,6
69,22
70,8
71,8
72,22
73,7
74,13
75,11
76,8
77,7
78,7
79,21
80,7
81,6
82,7
83,7
84,7
85,7
86,2
87,17
88,22
89,8
90,7
91,11
92,6
93,1
94,6
95,8
96,6
97,1
98,6
99,20
100,22
101,6
102,22
103,21
104,22
105,13
106,6
107,17
108,20
109,6
110,2
111,22
112,8
113,21
114,7
115,9
116,20
117,1
118,22
119,22
120,11
121,7
122,11
123,6
124,6
125,22
126,17
127,7
128,20
129,6
130,7
131,7
132,6
133,6
134,20
135,22
136,6
137,6
138,6
139,8
140,13
141,22
142,6
143,7
144,6
145,8
146,17
147,7
148,7
149,6
150,11
151,7
152,1
153,8
154,7
155,7
156,6
157,22
158,17
159,6
160,8
161,8
162,20
163,8
164,21
165,8
166,6
167,7
168,2
169,11
170,14
171,6
172,1
173,8
174,22
175,6
176,22
177,1
178,6
179,13
180,22
181,17
182,13
183,21
184,6
185,21
186,13
187,22
188,6
189,6
190,7
191,6
192,6
193,6
194,7
195,13
196,1
197,7
198,8
199,7
200,21
201,13
202,6
203,22
204,8
205,1
206,20
207,13
208,9
209,7
210,1
211,1
212,17
213,20
214,6
215,6
216,22
217,22
218,8
219,1
220,1
221,42
222,13
223,20
224,13
225,21
226,1
227,8
228,8
229,1
230,1
231,22
232,1
233,6
234,41
235,20
236,13
237,13
238,17
239,41
240,1
241,17
242,8
243,17
244,17
245,21
246,7
247,1
248,1
249,20
250,14
251,8
252,13
253,14
254,2
255,22
256,9
257,8
258,17
259,21
260,9
261,2
262,2
263,7
264,6
265,6
266,2
267,22
268,1
269,6
270,13
271,1
272,2
273,14
274,22
275,22
276,13
277,1
278,13
279,1
280,21
281,1
282,1
283,21
284,7
285,1
286,1
287,9
288,7
289,13
290,21
291,8
292,8
293,9
294,9
295,20
296,9
297,7
298,7
299,7
300,7
301,20
302,2
303,8
304,1
305,1
306,6
307,6
308,6
309,6
310,22
311,1
312,8
313,17
314,1
315,8
316,8
317,17
318,9
319,1
320,1
321,1
322,20
323,42
324,1
325,22
326,2
327,1
328,1
329,9
330,9
331,9
332,1
333,22
334,1
335,6
336,7
337,1
338,8
339,13
340,9
341,1
342,1
343,17
344,22
345,7
346,20
347,22
348,14
349,21
350,21
351,8
352,1
353,20
354,21
355,17
356,20
357,13
358,7
359,13
360,13
361,13
362,17
363,6
364,17
365,6
366,1
367,22
368,22
369,6
370,22
371,1
372,9
373,20
374,22
375,1
376,8
377,8
378,13
379,8
380,8
381,1
382,1
383,2
384,8
385,1
386,1
387,22
388,7
389,2
390,6
391,2
392,6
393,8
394,21
395,1
396,1
397,1
398,20
399,1
400,1
401,8
402,7
403,21
404,7
405,16
406,7
407,8
408,17
409,15
410,22
411,22
412,2
413,22
414,22
415,22
416,16
417,14
418,6
419,22
420,22
421,17
422,21
423,16
424,9
425,16
426,1
427,1
428,6
429,22
430,22
431,21
432,22
433,22
434,8
435,22
436,22
437,22
438,22
439,1
440,22
441,9
442,9
443,20
444,7
445,22
446,1
447,13
448,1
449,7
450,6
451,1
452,16
453,13
454,21
455,17
456,7
457,8
458,2
459,16
460,22
461,7
462,6
463,21
464,8
465,19
466,22
467,22
468,6
469,2
470,22
471,22
472,22
473,22
474,8
475,2
476,7
477,7
478,22
479,8
480,9
481,21
482,1
483,6
484,17
485,22
486,15
487,22
488,6
489,6
490,21
491,20
492,22
493,7
494,8
495,6
496,6
497,20
498,13
499,13
500,41
501,6
502,17
503,6
504,8
505,16
506,6
507,16
508,7
509,2
510,7
511,15
512,9
513,6
514,2
515,2
516,19
517,6
518,6
519,8
520,22
521,21
522,19
523,7
524,15
525,7
526,1
527,2
528,15
529,15
530,6
531,17
532,22
533,9
534,6
535,6
536,6
537,13
538,6
539,13
540,16
541,9
542,20
543,13
544,8
545,7
546,9
547,8
548,8
549,6
550,13
551,17
552,22
553,20
554,21
555,16
556,6
557,7
558,17
559,7
560,6
561,16
562,22
563,2
564,22
565,1
566,6
567,7
568,7
569,17
570,6
571,7
572,6
573,7
574,7
575,17
576,6
577,17
578,2
579,7
580,2
581,7
582,7
583,7
584,7
585,22
586,17
587,6
588,6
589,9
590,6
591,8
592,9
593,6
594,17
595,17
596,17
597,13
598,7
599,2
600,6
601,2
602,7
603,22
604,20
605,13
606,21
607,1
608,21
609,17
610,10
611,1
612,22
613,2
614,1
615,1
616,17
617,1
618,13
619,22
620,10
621,1
622,10
623,10
624,1
625,1
626,1
627,10
628,21
629,1
630,1
631,17
632,2
633,22
634,22
635,1
636,1
637,22
638,13
639,22
640,21
641,10
642,1
643,22
644,22
645,1
646,10
647,10
648,8
649,1
650,1
651,22
652,10
653,8
654,1
655,1
656,22
657,1
658,1
659,21
660,1
661,17
662,21
663,22
664,22
665,2
666,1
667,41
668,8
669,2
670,2
671,1
672,14
673,17
674,1
675,1
676,1
677,42
678,1
679,1
680,8
681,9
682,20
683,20
684,21
685,1
686,42
687,1
688,10
689,42
690,1
691,13
692,10
693,1
694,10
695,21
696,1
697,13
698,10
699,1
700,10
701,2
702,1
703,1
704,8
705,1
706,10
707,21
708,13
709,17
710,22
711,17
712,22
713,1
714,1
715,2
716,2
717,22
718,22
719,22
720,17
721,1
722,20
723,1
724,1
725,22
726,1
727,20
728,22
729,1
730,1
731,21
732,10
733,8
734,22
735,1
736,8
737,8
738,1
739,22
740,42
741,1
742,1
743,22
744,8
745,10
746,10
747,22
748,8
749,1
750,2
751,1
752,10
753,1
754,17
755,17
756,1
757,1
758,1
759,20
760,2
761,10
762,10
763,41
764,1
765,2
766,14
767,1
768,1
769,20
770,1
771,1
772,1
773,1
774,1
775,1
776,1
777,1
778,10
779,13
780,8
781,2
782,21
783,17
784,10
785,10
786,8
787,20
788,22
789,1
790,1
791,1
792,1
793,1
794,1
795,1
796,1
797,1
798,8
799,1
800,10
801,17
802,10
803,13
804,13
805,21
806,21
807,8
808,17
809,8
810,17
811,7
812,6
813,1
814,21
815,8
816,6
817,22
818,1
819,6
820,6
821,6
822,6
823,6
824,6
825,13
826,6
827,6
828,17
829,1
830,13
831,7
832,21
833,22
834,22
835,7
836,8
837,17
838,13
839,22
840,17
841,2
842,21
843,1
844,6
845,6
846,7
847,1
848,1
849,8
850,6
851,7
852,13
853,2
854,6
855,6
856,6
857,6
858,2
859,6
860,6
861,8
862,13
863,6
864,22
865,7
866,22
867,13
868,1
869,1
870,1
871,13
872,6
873,6
874,21
875,1
876,8
877,7
878,6
879,8
880,8
881,17
882,1
883,2
884,1
885,17
886,8
887,1
888,17
889,13
890,1
891,8
892,21
893,1
894,1
895,6
896,7
897,2
898,14
899,14
900,14
901,14
902,14
903,14
904,14
905,14
906,14
907,14
908,14
909,14
910,14
911,14
912,14
913,14
914,14
915,14
916,14
917,14
918,14
919,14
920,14
921,14
922,14
923,14
924,14
925,14
926,14
927,14
928,14
929,14
930,14
931,14
932,14
933,14
934,14
935,14
936,14
937,14
938,14
939,14
940,14
941,14
942,14
943,14
944,14
945,14
946,14
947,14
948,14
949,14
950,14
951,14
952,14
953,14
954,14
955,14
956,14
957,14
958,14
959,14
960,14
961,14
962,14
963,14
964,14
965,14
966,14
967,14
968,14
969,14
970,14
971,14
972,14
973,14
974,14
975,14
976,14
977,14
978,14
979,22
980,8
981,8
982,8
983,7
984,13
985,7
986,2
987,13
988,13
989,6
990,8
991,7
992,1
993,1
994,1
995,42
996,8
997,21
998,7
999,22
1000,22
1001,22
1002,1
1003,21
1004,8
1005,17
1006,21
1007,17
1008,17
1009,17
1010,17
1011,17
1012,17
1013,17
1014,17
1015,17
1016,17
1017,17
1018,17
1019,17
1020,17
1021,17
1022,17
1023,17
1024,17
1025,17
1026,17
1027,17
1028,17
1029,17
1030,17
1031,17
1032,17
1033,17
1034,1
1035,4
1036,8
1037,8
1038,1
1039,20
1040,1
1041,1
1042,8
1043,1
1044,1
1045,6
1046,1
1047,1
1048,6
1049,8
1050,8
1051,1
1052,1
1053,1
1054,6
1055,1
1056,1
1057,1
1058,1
1059,1
1060,6
1061,1
1062,1
1063,6
1064,17
1065,6
1066,4
1067,4
1068,1
1069,1
1070,1
1071,6
1072,42
1073,4
1074,42
1075,6
1076,9
1077,4
1078,4
1079,4
1080,4
1081,4
1082,1
1083,4
1084,1
1085,1
1086,1
1087,4
1088,4
1089,22
1090,1
1091,4
1092,1
1093,1
1094,1
1095,1
1096,1
1097,9
1098,6
1099,14
1100,22
1101,8
1102,8
1103,1
1104,1
1105,1
1106,20
1107,6
1108,20
1109,6
1110,8
1111,20
1112,6
1113,6
1114,1
1115,6
1116,1
1117,1
1118,8
1119,1
1120,1
1121,1
1122,20
1123,20
1124,1
1125,22
1126,4
1127,9
1128,9
1129,9
1130,9
1131,23
1132,23
1133,1
1134,8
1135,1
1136,4
1137,6
1138,6
1139,1
1140,6
1141,1
1142,1
1143,1
1144,20
1145,6
1146,6
1147,20
1148,6
1149,20
1150,6
1151,6
1152,1
1153,1
1154,1
1155,6
1156,23
1157,23
1158,4
1159,4
1160,4
1161,23
1162,6
1163,1
1164,23
1165,1
1166,6
1167,6
1168,1
1169,20
1170,8
1171,6
1172,6
1173,1
1174,23
1175,23
1176,23
1177,1
1178,1
1179,1
1180,4
1181,1
1182,6
1183,1
1184,1
1185,1
1186,1
1187,1
1188,4
1189,20
1190,1
1191,20
1192,20
1193,1
1194,6
1195,42
1196,9
1197,4
1198,9
1199,9
1200,9
1201,8
1202,4
1203,1
1204,1
1205,9
1206,1
1207,1
1208,1
1209,1
1210,9
1211,23
1212,1
1213,1
1214,9
1215,9
1216,23
1217,23
1218,8
1219,1
1220,6
1221,16
1222,19
1223,17
1224,2
1225,2
1226,2
1227,16
1228,14
1229,42
1230,13
1231,19
1232,6
1233,19
1234,14
1235,6
1236,8
1237,6
1238,14
1239,42
1240,9
1241,12
1242,19
1243,9
1244,13
1245,16
1246,11
1247,11
1248,1
1249,41
1250,2
1251,6
1252,1
1253,14
1254,14
1255,12
1256,14
1257,6
1258,1
1259,11
1260,1
1261,12
1262,2
1263,19
1264,6
1265,8
1266,8
1267,1
1268,11
1269,6
1270,17
1271,8
1272,19
1273,9
1274,22
1275,22
1276,9
1277,22
1278,14
1279,6
1280,9
1281,7
1282,17
1283,41
1284,1
1285,6
1286,13
1287,2
1288,6
1289,6
1290,11
1291,8
1292,7
1293,2
1294,9
1295,22
1296,13
1297,11
1298,9
1299,1
1300,11
1301,9
1302,14
1303,22
1304,14
1305,6
1306,6
1307,13
1308,8
1309,9
1310,41
1311,22
1312,14
1313,41
1314,41
1315,41
1316,22
1317,1
1318,41
1319,20
1320,1
1321,12
1322,12
1323,12
1324,12
1325,12
1326,12
1327,12
1328,12
1329,12
1330,8
1331,1
1332,1
1333,1
1334,12
1335,12
1336,12
1337,12
1338,42
1339,9
1340,22
1341,12
1342,1
1343,1
1344,1
1345,1
1346,1
1347,12
1348,1
1349,1
1350,1
1351,16
1352,1
1353,13
1354,6
1355,9
1356,9
1357,13
1358,41
1359,17
1360,6
1361,7
1362,2
1363,13
1364,9
1365,22
1366,7
1367,17
1368,7
1369,6
1370,8
1371,9
1372,9
1373,9
1374,9
1375,9
1376,9
1377,8
1378,8
1379,8
1380,17
1381,17
1382,8
1383,9
1384,13
1385,8
1386,19
1387,8
1388,8
1389,12
1390,8
1391,14
1392,7
1393,22
1394,6
1395,22
1396,22
1397,7
1398,13
1399,13
1400,13
1401,7
1402,42
1403,42
1404,1
1405,6
1406,6
1407,11
1408,2
1409,13
1410,13
1411,8
1412,2
1413,13
1414,13
1415,6
1416,1
1417,7
1418,42
1419,6
1420,20
1421,20
1422,9
1423,13
1424,8
1425,22
1426,17
1427,8
1428,6
1429,24
1430,8
1431,22
1432,8
1433,6
1434,8
1435,42
1436,1
1437,6
1438,8
1439,22
1440,22
1441,1
1442,1
1443,20
1444,20
1445,22
1446,22
1447,22
1448,20
1449,22
1450,24
1451,42
1452,42
1453,22
1454,22
1455,13
1456,22
1457,13
1458,13
1459,8
1460,17
1461,22
1462,20
1463,13
1464,1
1465,2
1466,9
1467,1
1468,20
1469,42
1470,20
1471,1
1472,41
1473,8
1474,17
1475,22
1476,22
1477,1
1478,20
1479,8
1480,8
1481,42
1482,22
1483,6
1484,1
1485,22
1486,6
1487,2
1488,8
1489,14
1490,14
1491,42
1492,42
1493,1
1494,1
1495,17
1496,2
1497,8
1498,1
1499,8
1500,1
1501,1
1502,6
1503,1
1504,1
1505,42
1506,42
1507,2
1508,1
1509,1
1510,1
1511,1
1512,42
1513,22
1514,6
1515,8
1516,22
1517,22
1518,8
1519,6
1520,6
1521,42
1522,6
1523,8
1524,6
1525,17
1526,22
1527,9
1528,22
1529,8
1530,42
1531,9
1532,24
1533,1
1534,6
1535,1
1536,42
1537,22
1538,24
1539,22
1540,42
1541,13
1542,2
1543,6
1544,9
1545,24
1546,6
1547,17
1548,1
1549,24
1550,13
1551,17
1552,8
1553,13
1554,6
1555,6
1556,8
1557,1
1558,22
1559,6
1560,42
1561,22
1562,22
1563,1
1564,13
1565,13
1566,17
1567,14
1568,24
1569,13
1570,9
1571,20
1572,6
1573,8
1574,22
1575,6
1576,42
1577,6
1578,24
1579,6
1580,9
1581,22
1582,17
1583,17
1584,9
1585,24
1586,8
1587,9
1588,14
1589,17
1590,8
1591,9
1592,17
1593,13
1594,22
1595,17
1596,1
1597,8
1598,8
1599,8
1600,1
1601,8
1602,17
1603,1
1604,22
1605,8
1606,24
1607,42
1608,8
1609,9
1610,8
1611,24
1612,9
1613,24
1614,22
1615,9
1616,8
1617,8
1618,42
1619,2
1620,8
1621,22
1622,14
1623,1
1624,1
1625,1
1626,8
1627,8
1628,1
1629,13
1630,1
1631,22
1632,13
1633,1
1634,42
1635,1
1636,8
1637,42
1638,42
1639,1
1640,13
1641,22
1642,1
1643,2
1644,1
1645,1
1646,17
1647,21
1648,7
1649,20
1650,2
1651,11
1652,20
1653,9
1654,17
1655,1
1656,22
1657,6
1658,8
1659,25
1660,22
1661,8
1662,25
1663,22
1664,6
1665,22
1666,8
1667,8
1668,22
1669,13
1670,1
1671,1
1672,21
1673,9
1674,9
1675,1
1676,9
1677,7
1678,22
1679,22
1680,13
1681,9
1682,8
1683,1
1684,2
1685,13
1686,21
1687,8
1688,17
1689,22
1690,1
1691,42
1692,1
1693,2
1694,8
1695,2
1696,2
1697,1
1698,9
1699,25
1700,42
1701,7
1702,17
1703,22
1704,11
1705,6
1706,22
1707,17
1708,22
1709,21
1710,8
1711,22
1712,42
1713,17
1714,13
1715,14
1716,6
1717,8
1718,1
1719,6
1720,9
1721,1
1722,8
1723,41
1724,7
1725,11
1726,1
1727,1
1728,6
1729,14
1730,22
1731,22
1732,7
1733,41
1734,13
1735,14
1736,42
1737,42
1738,9
1739,22
1740,9
1741,14
1742,25
1743,20
1744,8
1745,42
1746,22
1747,7
1748,1
1749,13
1750,17
1751,42
1752,8
1753,22
1754,1
1755,8
1756,1
1757,25
1758,2
1759,1
1760,22
1761,42
1762,8
1763,42
1764,7
1765,21
1766,42
1767,13
1768,6
1769,8
1770,1
1771,1
1772,22
1773,8
1774,7
1775,42
1776,11
1777,22
1778,42
1779,9
1780,20
1781,9
1782,1
1783,9
1784,8
1785,25
1786,42
1787,20
1788,22
1789,1
1790,42
1791,21
1792,8
1793,22
1794,13
1795,22
1796,9
1797,20
1798,1
1799,25
1800,42
1801,2
1802,42
1803,42
1804,8
1805,14
1806,17
1807,8
1808,42
1809,6
1810,8
1811,6
1812,17
1813,42
1814,14
1815,6
1816,11
1817,11
1818,42
1819,20
1820,6
1821,13
1822,17
1823,42
1824,7
1825,25
1826,17
1827,20
1828,42
1829,22
1830,22
1831,9
1832,14
1833,8
1834,21
1835,14
1836,8
1837,22
1838,42
1839,22
1840,14
1841,21
1842,25
1843,9
1844,9
1845,1
1846,6
1847,22
1848,17
1849,17
1850,13
1851,13
1852,13
1853,7
1854,8
1855,22
1856,20
1857,22
1858,8
1859,1
1860,2
1861,9
1862,9
1863,22
1864,7
1865,9
1866,22
1867,8
1868,2
1869,22
1870,11
1871,6
1872,1
1873,13
1874,13
1875,6
1876,8
1877,1
1878,6
1879,1
1880,1
1881,17
1882,8
1883,22
1884,1
1885,6
1886,6
1887,6
1888,8
1889,1
1890,1
1891,1
1892,1
1893,6
1894,13
1895,11
1896,22
1897,9
1898,2
1899,2
1900,6
1901,9
1902,13
1903,1
1904,1
1905,6
1906,22
1907,17
1908,2
1909,9
1910,8
1911,8
1912,1
1913,6
1914,22
1915,6
1916,1
1917,8
1918,8
1919,17
1920,17
1921,9
1922,1
1923,22
1924,22
1925,14
1926,14
1927,14
1928,14
1929,14
1930,14
1931,14
1932,14
1933,14
1934,14
1935,14
1936,14
1937,14
1938,14
1939,14
1940,14
1941,14
1942,14
1943,14
1944,14
1945,14
1946,14
1947,14
1948,14
1949,14
1950,14
1951,14
1952,26
1953,26
1954,26
1955,26
1956,26
1957,26
1958,26
1959,26
1960,26
1961,26
1962,26
1963,6
1964,26
1965,6
1966,6
1967,17
1968,11
1969,18
1970,18
1971,18
1972,18
1973,18
1974,18
1975,18
1976,18
1977,18
1978,18
1979,18
1980,18
1981,18
1982,18
1983,18
1984,18
1985,18
1986,18
1987,18
1988,18
1989,18
1990,18
1991,8
1992,18
1993,18
1994,18
1995,18
1996,18
1997,18
1998,18
1999,18
2000,8
2001,8
2002,8
2003,22
2004,22
2005,22
2006,8
2007,22
2008,1
2009,9
2010,9
2011,8
2012,8
2013,8
2014,17
2015,17
2016,17
2017,17
2018,17
2019,6
2020,13
2021,9
2022,2
2023,26
2024,2
2025,13
2026,22
2027,6
2028,26
2029,6
2030,6
2031,17
2032,17
2033,17
2034,17
2035,17
2036,17
2037,17
2038,17
2039,17
2040,17
2041,17
2042,17
2043,17
2044,17
2045,17
2046,17
2047,17
2048,17
2049,17
2050,17
2051,17
2052,17
2053,17
2054,17
2055,17
2056,17
2057,17
2058,26
2059,17
2060,11
2061,17
2062,13
2063,13
2064,1
2065,9
2066,1
2067,13
2068,6
2069,1
2070,1
2071,1
2072,22
2073,11
2074,1
2075,1
2076,22
2077,17
2078,17
2079,17
2080,17
2081,17
2082,17
2083,17
2084,17
2085,17
2086,5
2087,17
2088,17
2089,17
2090,17
2091,17
2092,17
2093,5
2094,17
2095,8
2096,17
2097,5
2098,2
2099,2
2100,13
2101,17
2102,2
2103,17
2104,17
2105,9
2106,2
2107,1
2108,22
2109,22
2110,22
2111,22
2112,1
2113,28
2114,1
2115,8
2116,9
2117,9
2118,28
2119,28
2120,28
2121,28
2122,28
2123,27
2124,17
2125,1
2126,21
2127,8
2128,9
2129,6
2130,1
2131,1
2132,1
2133,17
2134,11
2135,17
2136,29
2137,17
2138,27
2139,27
2140,5
2141,27
2142,27
2143,5
2144,11
2145,11
2146,11
2147,1
2148,22
2149,22
2150,22
2151,22
2152,17
2153,8
2154,22
2155,14
2156,13
2157,13
2158,21
2159,21
2160,1
2161,5
2162,5
2163,22
2164,6
2165,6
2166,1
2167,21
2168,13
2169,17
2170,17
2171,13
2172,8
2173,1
2174,22
2175,22
2176,3
2177,3
2178,3
2179,3
2180,3
2181,3
2182,3
2183,3
2184,3
2185,3
2186,3
2187,3
2188,6
2189,6
2190,2
2191,2
2192,6
2193,5
2194,21
2195,22
2196,8
2197,13
2198,6
2199,21
2200,3
2201,3
2202,3
2203,3
2204,3
2205,3
2206,3
2207,3
2208,3
2209,3
2210,3
2211,3
2212,3
2213,9
2214,3
2215,3
2216,3
2217,3
2218,3
2219,3
2220,3
2221,3
2222,3
2223,3
2224,3
2225,3
2226,3
2227,3
2228,3
2229,3
2230,3
2231,21
2232,9
2233,1
2234,17
2235,1
2236,1
2237,1
2238,6
2239,6
2240,17
2241,17
2242,11
2243,29
2244,11
2245,29
2246,29
2247,13
2248,11
2249,13
2250,1
2251,22
2252,13
2253,22
2254,1
2255,22
2256,9
2257,13
2258,9
2259,17
2260,8
2261,11
2262,13
2263,1
2264,8
2265,22
2266,13
2267,1
2268,21
2269,13
2270,30
2271,1
2272,1
2273,8
2274,1
2275,9
2276,1
2277,1
2278,8
2279,6
2280,1
2281,1
2282,22
2283,1
2284,30
2285,30
2286,3
2287,3
2288,3
2289,30
2290,30
2291,11
2292,11
2293,11
2294,17
2295,22
2296,22
2297,6
2298,6
2299,22
2300,22
2301,22
2302,22
2303,30
2304,1
2305,1
2306,9
2307,1
2308,22
2309,14
2310,11
2311,9
2312,1
2313,1
2314,1
2315,3
2316,13
2317,22
2318,1
2319,22
2320,1
2321,6
2322,8
2323,6
2324,1
2325,6
2326,6
2327,6
2328,6
2329,1
2330,6
2331,13
2332,6
2333,1
2334,8
2335,9
2336,30
2337,9
2338,6
2339,9
2340,13
2341,1
2342,22
2343,6
2344,1
2345,1
2346,1
2347,6
2348,6
2349,6
2350,6
2351,30
2352,30
2353,8
2354,17
2355,17
2356,30
2357,30
2358,1
2359,1
2360,1
2361,6
2362,6
2363,3
2364,3
2365,3
2366,3
2367,3
2368,3
2369,13
2370,6
2371,22
2372,22
2373,6
2374,22
2375,9
2376,8
2377,9
2378,22
2379,22
2380,22
2381,22
2382,22
2383,22
2384,17
2385,13
2386,11
2387,11
2388,1
2389,1
2390,1
2391,1
2392,17
2393,9
2394,17
2395,1
2396,30
2397,17
2398,17
2399,17
2400,17
2401,11
2402,8
2403,8
2404,8
2405,8
2406,8
2407,6
2408,6
2409,15
2410,15
2411,15
2412,15
2413,6
2414,6
2415,11
2416,22
2417,13
2418,1
2419,1
2420,15
2421,15
2422,15
2423,22
2424,13
2425,1
2426,13
2427,30
2428,9
2429,17
2430,17
2431,1
2432,1
2433,1
2434,1
2435,1
2436,1
2437,1
2438,6
2439,1
2440,1
2441,1
2442,1
2443,13
2444,1
2445,1
2446,1
2447,15
2448,1
2449,9
2450,9
2451,3
2452,3
2453,17
2454,3
2455,3
2456,3
2457,8
2458,8
2459,3
2460,3
2461,3
2462,3
2463,22
2464,3
2465,3
2466,1
2467,1
2468,22
2469,13
2470,34
2471,34
2472,34
2473,11
2474,14
2475,33
2476,14
2477,8
2478,34
2479,1
2480,6
2481,1
2482,1
2483,6
2484,1
2485,11
2486,1
2487,22
2488,1
2489,1
2490,8
2491,13
2492,6
2493,2
2494,6
2495,6
2496,13
2497,13
2498,1
2499,8
2500,22
2501,2
2502,22
2503,6
2504,14
2505,33
2506,1
2507,22
2508,1
2509,11
2510,1
2511,33
2512,1
2513,3
2514,3
2515,3
2516,3
2517,3
2518,34
2519,14
2520,31
2521,31
2522,31
2523,31
2524,31
2525,9
2526,31
2527,9
2528,9
2529,9
2530,9
2531,9
2532,9
2533,9
2534,31
2535,22
2536,31
2537,31
2538,1
2539,34
2540,33
2541,22
2542,33
2543,33
2544,6
2545,22
2546,8
2547,1
2548,9
2549,8
2550,41
2551,1
2552,11
2553,9
2554,1
2555,11
2556,1
2557,6
2558,13
2559,9
2560,33
2561,9
2562,1
2563,1
2564,1
2565,2
2566,11
2567,34
2568,1
2569,1
2570,1
2571,9
2572,11
2573,6
2574,13
2575,6
2576,9
2577,1
2578,1
2579,1
2580,22
2581,11
2582,32
2583,1
2584,1
2585,13
2586,33
2587,8
2588,1
2589,13
2590,33
2591,13
2592,1
2593,1
2594,6
2595,6
2596,22
2597,13
2598,34
2599,22
2600,33
2601,22
2602,22
2603,6
2604,6
2605,14
2606,8
2607,9
2608,9
2609,6
2610,6
2611,9
2612,2
2613,1
2614,1
2615,1
2616,22
2617,32
2618,22
2619,1
2620,2
2621,6
2622,1
2623,11
2624,6
2625,8
2626,14
2627,2
2628,22
2629,13
2630,8
2631,22
2632,6
2633,3
2634,3
2635,3
2636,3
2637,3
2638,3
2639,14
2640,32
2641,32
2642,32
2643,32
2644,3
2645,3
2646,3
2647,3
2648,3
2649,3
2650,3
2651,3
2652,3
2653,3
2654,3
2655,3
2656,3
2657,3
2658,3
2659,3
2660,3
2661,3
2662,3
2663,3
2664,3
2665,3
2666,3
2667,3
2668,9
2669,2
2670,8
2671,13
2672,1
2673,6
2674,6
2675,13
2676,1
2677,6
2678,11
2679,11
2680,11
2681,22
2682,1
2683,22
2684,1
2685,7
2686,1
2687,17
2688,1
2689,1
2690,22
2691,6
2692,9
2693,20
2694,13
2695,1
2696,6
2697,7
2698,9
2699,3
2700,8
2701,8
2702,7
2703,7
2704,6
2705,6
2706,22
2707,1
2708,9
2709,17
2710,3
2711,1
2712,1
2713,14
2714,11
2715,11
2716,9
2717,9
2718,9
2719,3
2720,9
2721,17
2722,8
2723,9
2724,13
2725,1
2726,1
2727,1
2728,2
2729,1
2730,6
2731,6
2732,6
2733,1
2734,1
2735,1
2736,1
2737,8
2738,1
2739,2
2740,1
2741,8
2742,7
2743,7
2744,6
2745,2
2746,1
2747,8
2748,8
2749,1
2750,20
2751,22
2752,22
2753,1
2754,22
2755,7
2756,8
2757,7
2758,7
2759,11
2760,41
2761,9
2762,1
2763,13
2764,13
2765,7
2766,11
2767,20
2768,1
2769,1
2770,7
2771,7
2772,11
2773,6
2774,6
2775,6
2776,6
2777,2
2778,1
2779,13
2780,3
2781,3
2782,3
2783,3
2784,3
2785,3
2786,3
2787,9
2788,22
2789,3
2790,3
2791,22
2792,22
2793,9
2794,22
2795,22
2796,22
2797,17
2798,17
2799,17
2800,17
2801,1
2802,1
2803,1
2804,17
2805,13
2806,22
2807,8
2808,8
2809,13
2810,6
2811,1
2812,1
2813,7
2814,3
2815,8
2816,8
2817,8
2818,8
2819,8
2820,2
2821,2
2822,2
2823,2
2824,7
2825,1
2826,8
2827,1
2828,17
2829,22
2830,6
2831,17
2832,7
2833,6
2834,13
2835,8
2836,22
2837,13
2838,22
2839,11
2840,1
2841,1
2842,1
2843,1
2844,1
2845,11
2846,17
2847,2
2848,1
2849,11
2850,1
2851,9
2852,2
2853,1
2854,3
2855,3
2856,3
2857,9
2858,7
2859,20
2860,20
2861,13
2862,2
2863,2
2864,13
2865,22
2866,11
2867,3
2868,1
2869,13
2870,13
2871,1
2872,1
2873,6
2874,14
2875,13
2876,17
2877,35
2878,1
2879,8
2880,8
2881,21
2882,1
2883,1
2884,13
2885,1
2886,17
2887,22
2888,13
2889,14
2890,21
2891,1
2892,8
2893,41
2894,1
2895,17
2896,2
2897,6
2898,22
2899,17
2900,1
2901,1
2902,1
2903,1
2904,2
2905,22
2906,1
2907,14
2908,1
2909,20
2910,1
2911,1
2912,21
2913,9
2914,13
2915,22
2916,9
2917,21
2918,22
2919,1
2920,1
2921,2
2922,2
2923,22
2924,35
2925,6
2926,22
2927,2
2928,1
2929,1
2930,20
2931,14
2932,1
2933,6
2934,6
2935,14
2936,14
2937,8
2938,6
2939,14
2940,14
2941,14
2942,35
2943,2
2944,2
2945,8
2946,1
2947,8
2948,8
2949,8
2950,2
2951,2
2952,21
2953,17
2954,22
2955,9
2956,21
2957,1
2958,9
2959,21
2960,22
2961,22
2962,13
2963,1
2964,1
2965,1
2966,1
2967,8
2968,14
2969,6
2970,6
2971,35
2972,6
2973,22
2974,22
2975,8
2976,14
2977,22
2978,13
2979,1
2980,1
2981,20
2982,14
2983,21
2984,20
2985,9
2986,9
2987,9
2988,13
2989,8
2990,8
2991,8
2992,1
2993,8
2994,1
2995,1
2996,35
2997,22
2998,1
2999,22
3000,17
3001,1
3002,35
3003,14
3004,13
3005,21
3006,1
3007,20
3008,1
3009,6
3010,6
3011,2
3012,14
3013,1
3014,22
3015,1
3016,1
3017,1
3018,1
3019,21
3020,21
3021,1
3022,14
3023,14
3024,1
3025,2
3026,1
3027,1
3028,2
3029,8
3030,6
3031,22
3032,9
3033,8
3034,17
3035,9
3036,9
3037,2
3038,1
3039,22
3040,22
3041,22
3042,22
3043,22
3044,21
3045,13
3046,1
3047,22
3048,1
3049,22
3050,1
3051,13
3052,22
3053,1
3054,17
3055,1
3056,1
3057,1
3058,22
3059,2
3060,1
3061,2
3062,2
3063,21
3064,21
3065,1
3066,2
3067,6
3068,14
3069,1
3070,6
3071,7
3072,1
3073,1
3074,36
3075,1
3076,6
3077,1
3078,1
3079,2
3080,1
3081,1
3082,8
3083,6
3084,6
3085,1
3086,8
3087,14
3088,1
3089,6
3090,1
3091,7
3092,6
3093,8
3094,2
3095,2
3096,14
3097,14
3098,22
3099,9
3100,36
3101,1
3102,1
3103,1
3104,14
3105,1
3106,2
3107,8
3108,1
3109,36
3110,7
3111,1
3112,1
3113,21
3114,17
3115,41
3116,14
3117,11
3118,36
3119,1
3120,1
3121,8
3122,1
3123,1
3124,1
3125,1
3126,1
3127,13
3128,1
3129,6
3130,8
3131,14
3132,14
3133,14
3134,6
3135,1
3136,20
3137,8
3138,8
3139,8
3140,14
3141,21
3142,6
3143,9
3144,9
3145,7
3146,1
3147,8
3148,14
3149,14
3150,1
3151,22
3152,1
3153,8
3154,8
3155,2
3156,9
3157,17
3158,9
3159,17
3160,10
3161,9
3162,6
3163,6
3164,1
3165,8
3166,8
3167,1
3168,9
3169,21
3170,14
3171,2
3172,8
3173,10
3174,10
3175,6
3176,13
3177,11
3178,7
3179,1
3180,10
3181,10
3182,7
3183,8
3184,1
3185,2
3186,1
3187,1
3188,7
3189,17
3190,9
3191,8
3192,6
3193,20
3194,14
3195,14
3196,14
3197,8
3198,8
3199,22
3200,9
3201,1
3202,1
3203,8
3204,21
3205,1
3206,8
3207,2
3208,6
3209,9
3210,11
3211,1
3212,1
3213,17
3214,11
3215,2
3216,1
3217,14
3218,41
3219,1
3220,14
3221,6
3222,6
3223,1
3224,1
3225,13
3226,20
3227,6
3228,6
3229,14
3230,21
3231,21
3232,22
3233,6
3234,22
3235,6
3236,6
3237,20
3238,9
3239,1
3240,6
3241,8
3242,6
3243,6
3244,1
3245,6
3246,7
3247,17
3248,17
3249,1
3250,14
3251,1
3252,1
3253,6
3254,6
3255,17
3256,8
3257,13
3258,8
3259,13
3260,2
3261,36
3262,9
3263,11
3264,11
3265,8
3266,1
3267,8
3268,41
3269,13
3270,13
3271,7
3272,21
3273,12
3274,8
3275,12
3276,22
3277,13
3278,20
3279,22
3280,12
3281,20
3282,13
3283,8
3284,22
3285,1
3286,22
3287,17
3288,9
3289,1
3290,8
3291,22
3292,21
3293,20
3294,12
3295,7
3296,7
3297,1
3298,8
3299,13
3300,9
3301,22
3302,22
3303,1
3304,7
3305,14
3306,14
3307,22
3308,1
3309,17
3310,17
3311,41
3312,1
3313,22
3314,8
3315,22
3316,8
3317,1
3318,8
3319,1
3320,13
3321,1
3322,9
3323,41
3324,22
3325,13
3326,9
3327,20
3328,8
3329,1
3330,1
3331,1
3332,17
3333,1
3334,21
3335,21
3336,1
3337,1
3338,20
3339,8
3340,1
3341,8
3342,1
3343,1
3344,12
3345,17
3346,12
3347,1
3348,1
3349,14
3350,7
3351,12
3352,1
3353,1
3354,9
3355,9
3356,1
3357,13
3358,22
3359,1
3360,1
3361,1
3362,1
3363,1
3364,21
3365,8
3366,8
3367,8
3368,8
3369,1
3370,7
3371,7
3372,8
3373,7
3374,7
3375,9
3376,1
3377,1
3378,1
3379,1
3380,21
3381,1
3382,1
3383,1
3384,21
3385,1
3386,1
3387,22
3388,22
3389,1
3390,1
3391,22
3392,22
3393,22
3394,22
3395,22
3396,17
3397,17
3398,17
3399,17
3400,17
3401,17
3402,1
3403,20
3404,8
3405,8
3406,8
3407,1
3408,7
3409,1
3410,1
3411,1
3412,8
3413,21
3414,13
3415,1
3416,1
3417,1
3418,1
3419,1
3420,7
3421,22
3422,7
3423,7
3424,7
3425,7
3426,7
3427,8
3428,1
3429,17
3430,8
3431,8
3432,8
3433,8
3434,8
3435,21
3436,13
3437,1
3438,17
3439,17
3440,17
3441,8
3442,8
3443,8
3444,8
3445,21
3446,8
3447,1
3448,1
3449,1
3450,22
3451,7
3452,1
3453,13
3454,22
3455,1
3456,1
3457,1
3458,13
3459,12
3460,12
3461,1
3462,7
3463,22
3464,9
3465,1
3466,9
3467,1
3468,1
3469,7
3470,6
3471,9
3472,12
3473,6
3474,9
3475,1
3476,1
3477,11
3478,2
3479,13
3480,11
3481,11
3482,9
3483,17
3484,1
3485,22
3486,41
3487,2
3488,9
3489,17
3490,22
3491,22
3492,41
3493,12
3494,14
3495,22
3496,22
3497,14
3498,9
3499,1
3500,1
3501,1
3502,22
3503,6
3504,7
3505,1
3506,9
3507,22
3508,2
3509,2
3510,9
3511,22
3512,13
3513,22
3514,9
3515,9
3516,11
3517,8
3518,7
3519,22
3520,1
3521,9
3522,2
3523,8
3524,22
3525,22
3526,22
3527,8
3528,13
3529,1
3530,6
3531,8
3532,6
3533,6
3534,1
3535,7
3536,22
3537,8
3538,7
3539,7
3540,1
3541,9
3542,14
3543,11
3544,22
3545,2
3546,13
3547,14
3548,1
3549,4
3550,9
3551,1
3552,22
3553,22
3554,2
3555,8
3556,13
3557,1
3558,1
3559,1
3560,14
3561,22
3562,8
3563,1
3564,17
3565,22
3566,8
3567,41
3568,41
3569,6
3570,9
3571,9
3572,12
3573,12
3574,12
3575,11
3576,9
3577,14
3578,8
3579,2
3580,13
3581,8
3582,22
3583,8
3584,1
3585,2
3586,8
3587,12
3588,8
3589,12
3590,11
3591,22
3592,9
3593,22
3594,11
3595,22
3596,22
3597,22
3598,22
3599,4
3600,4
3601,17
3602,4
3603,8
3604,4
3605,4
3606,4
3607,17
3608,17
3609,2
3610,4
3611,17
3612,4
3613,22
3614,22
3615,17
3616,14
3617,9
3618,7
3619,22
3620,13
3621,6
3622,22
3623,8
3624,8
3625,22
3626,7
3627,9
3628,2
3629,2
3630,12
3631,22
3632,2
3633,2
3634,2
3635,2
3636,6
3637,6
3638,2
3639,2
3640,7
3641,1
3642,2
3643,2
3644,2
3645,6
3646,1
3647,17
3648,8
3649,1
3650,12
3651,12
3652,12
3653,41
3654,2
3655,6
3656,9
3657,13
3658,9
3659,9
3660,12
3661,12
3662,12
3663,12
3664,12
3665,12
3666,12
3667,22
3668,13
3669,8
3670,19
3671,2
3672,17
3673,17
3674,17
3675,1
3676,12
3677,1
3678,22
3679,22
3680,1
3681,2
3682,2
3683,1
3684,8
3685,1
3686,8
3687,14
3688,39
3689,39
3690,39
3691,39
3692,12
3693,12
3694,12
3695,12
3696,12
3697,8
3698,37
3699,9
3700,9
3701,9
3702,37
3703,37
3704,37
3705,8
3706,1
3707,9
3708,1
3709,1
3710,22
3711,8
3712,1
3713,8
3714,1
3715,8
3716,9
3717,8
3718,1
3719,41
3720,8
3721,22
3722,22
3723,22
3724,19
3725,9
3726,14
3727,9
3728,21
3729,21
3730,1
3731,1
3732,1
3733,21
3734,1
3735,1
3736,21
3737,2
3738,41
3739,1
3740,9
3741,9
3742,8
3743,13
3744,14
3745,9
3746,8
3747,14
3748,13
3749,8
3750,1
3751,1
3752,13
3753,1
3754,1
3755,1
3756,8
3757,14
3758,9
3759,38
3760,1
3761,21
3762,22
3763,8
3764,8
3765,8
3766,19
3767,19
3768,19
3769,8
3770,22
3771,5
3772,9
3773,22
3774,1
3775,38
3776,38
3777,12
3778,8
3779,9
3780,9
3781,22
3782,9
3783,8
3784,1
3785,1
3786,13
3787,22
3788,22
3789,1
3790,41
3791,9
3792,2
3793,14
3794,1
3795,22
3796,9
3797,8
3798,1
3799,38
3800,14
3801,21
3802,8
3803,41
3804,39
3805,22
3806,8
3807,5
3808,1
3809,22
3810,1
3811,19
3812,22
3813,22
3814,1
3815,42
3816,14
3817,8
3818,1
3819,1
3820,17
3821,14
3822,9
3823,1
3824,1
3825,8
3826,8
3827,9
3828,41
3829,13
3830,1
3831,13
3832,9
3833,12
3834,1
3835,41
3836,8
3837,22
3838,8
3839,1
3840,5
3841,1
3842,12
3843,12
3844,9
3845,22
3846,9
3847,12
3848,8
3849,22
3850,22
3851,22
3852,22
3853,9
3854,22
3855,41
3856,8
3857,14
3858,8
3859,9
3860,9
3861,1
3862,13
3863,1
3864,22
3865,22
3866,14
3867,22
3868,7
3869,9
3870,41
3871,2
3872,1
3873,7
3874,13
3875,3
3876,22
3877,8
3878,3
3879,21
3880,20
3881,20
3882,7
3883,40
3884,15
3885,13
3886,14
3887,11
3888,40
3889,8
3890,20
3891,8
3892,18
3893,13
3894,40
3895,21
3896,21
3897,11
3898,8
3899,8
3900,7
3901,40
3902,2
3903,1
3904,40
3905,7
3906,21
3907,11
3908,18
3909,13
3910,1
3911,7
3912,15
3913,20
3914,11
3915,11
3916,7
3917,3
3918,3
3919,3
3920,2
3921,2
3922,2
3923,3
3924,2
3925,2
3926,3
3927,3
3928,3
3929,1
3930,3
3931,3
3932,3
3933,3
3934,3
3935,3
3936,3
3937,3
3938,18
3939,18
3940,18
3941,18
3942,18
3943,7
3944,15
3945,8
3946,21
3947,21
3948,13
3949,1
3950,7
3951,40
3952,7
