1,49
2,4
3,32
4,2
5,4
6,48
7,40
8,7
9,7
10,7
11,8
12,5
13,26
14,8
15,3
16,33
17,8
18,29
19,59
20,9
21,7
22,27
23,8
24,2
25,2
26,9
27,1
28,4
29,2
30,4
31,9
32,6
33,1
34,6
35,1
36,4
37,10
38,7
39,6
40,7
41,9
42,3
43,6
44,33
45,6
46,53
47,4
48,4
49,3
50,4
51,7
52,9
53,5
54,1
55,2
56,6
57,3
58,8
59,1
60,7
61,8
62,8
63,1
64,3
65,5
66,3
67,4
68,6
69,3
70,33
71,3
72,33
73,7
74,1
75,7
76,4
77,5
78,6
79,5
80,3
81,1
82,3
83,2
84,3
85,3
86,9
87,3
88,1
89,53
90,2
91,6
92,7
93,8
94,9
95,4
96,39
97,1
98,47
99,56
100,28
101,3
102,2
103,3
104,30
105,3
106,10
107,1
108,2
109,6
110,41
111,4
112,9
113,3
114,3
115,3
116,33
117,3
118,7
119,7
120,1
121,2
122,57
123,8
124,3
125,5
126,6
127,3
128,32
129,3
130,2
131,4
132,6
133,4
134,8
135,6
136,5
137,28
138,5
139,4
140,1
141,2
142,12
143,2
144,3
145,15
146,5
147,3
148,4
149,1
150,4
151,6
152,6
153,7
154,1
155,3
156,6
157,20
158,3
159,22
160,28
161,11
162,3
163,2
164,4
165,7
166,9
167,8
168,7
169,3
170,3
171,1
172,3
173,1
174,3
175,8
176,6
177,1
178,7
179,40
180,5
181,36
182,6
183,1
184,1
185,11
186,13
187,4
188,1
189,6
190,9
191,1
192,28
193,8
194,6
195,9
196,4
197,4
198,2
199,3
200,57
201,4
202,5
203,1
204,3
205,3
206,3
207,2
208,5
209,6
210,7
211,5
212,40
213,3
214,8
215,4
216,14
217,3
218,12
219,7
220,6
221,4
222,22
223,4
224,35
225,4
226,8
227,40
228,2
229,4
230,11
231,7
232,5
233,1
234,4
235,8
236,56
237,30
238,4
239,4
240,11
241,12
242,9
243,6
244,4
245,1
246,6
247,4
248,3
249,5
250,6
251,5
252,3
253,4
254,5
255,3
256,5
257,9
258,3
259,4
260,36
261,58
262,2
263,10
264,9
265,3
266,1
267,4
268,7
269,12
270,1
271,6
272,9
273,30
274,17
275,20
276,1
277,2
278,9
279,9
280,3
281,17
282,5
283,3
284,3
285,4
286,33
287,4
288,3
289,5
290,4
291,2
292,5
293,1
294,6
295,5
296,7
297,4
298,1
299,45
300,4
301,5
302,6
303,4
304,1
305,9
306,6
307,1
308,11
309,2
310,7
311,53
312,4
313,56
314,7
315,1
316,4
317,1
318,1
319,4
320,3
321,9
322,4
323,9
324,7
325,1
326,5
327,1
328,2
329,5
330,5
331,40
332,3
333,1
334,8
335,46
336,2
337,43
338,3
339,4
340,1
341,2
342,3
343,7
344,3
345,4
346,6
347,4
348,9
349,53
350,6
351,3
352,1
353,5
354,1
355,9
356,5
357,8
358,58
359,2
360,3
361,8
362,7
363,53
364,4
365,4
366,1
367,10
368,3
369,3
370,13
371,52
372,7
373,2
374,5
375,46
376,29
377,33
378,28
379,4
380,6
381,3
382,6
383,3
384,4
385,2
386,6
387,4
388,4
389,18
390,9
391,1
392,6
393,53
394,2
395,8
396,8
397,2
398,4
399,6
400,5
401,6
402,6
403,3
404,2
405,53
406,7
407,5
408,52
409,1
410,6
411,8
412,8
413,4
414,8
415,1
416,5
417,7
418,1
419,19
420,6
421,6
422,2
423,58
424,1
425,5
426,3
427,53
428,28
429,21
430,6
431,3
432,12
433,6
434,7
435,4
436,3
437,1
438,7
439,4
440,5
441,9
442,6
443,34
444,1
445,9
446,4
447,1
448,1
449,5
450,1
451,1
452,3
453,3
454,1
455,10
456,3
457,34
458,1
459,4
460,6
461,1
462,3
463,1
464,1
465,4
466,29
467,33
468,57
469,1
470,1
471,1
472,3
473,7
474,28
475,8
476,5
477,3
478,4
479,37
480,4
481,4
482,13
483,4
484,30
485,1
486,3
487,4
488,3
489,5
490,7
491,56
492,5
493,4
494,7
495,28
496,2
497,7
498,4
499,4
500,12
501,9
502,4
503,5
504,9
505,6
506,4
507,4
508,2
509,6
510,2
511,7
512,5
513,1
514,4
515,3
516,5
517,6
518,53
519,5
520,18
521,1
522,3
523,1
524,8
525,45
526,28
527,6
528,10
529,3
530,53
531,7
532,2
533,8
534,6
535,2
536,2
537,1
538,1
539,3
540,4
541,7
542,2
543,5
544,21
545,58
546,7
547,2
548,9
549,5
550,8
551,17
552,3
553,6
554,5
555,1
556,6
557,1
558,4
559,8
560,3
561,3
562,3
563,7
564,1
565,5
566,5
567,3
568,4
569,10
570,4
571,5
572,3
573,2
574,8
575,3
576,2
577,6
578,46
579,5
580,9
581,7
582,5
583,7
584,25
585,8
586,56
587,6
588,17
589,6
590,45
591,3
592,30
593,4
594,1
595,6
596,3
597,8
598,2
599,4
600,6
601,16
602,4
603,4
604,11
605,5
606,12
607,4
608,9
609,3
610,3
611,5
612,13
613,2
614,7
615,3
616,1
617,5
618,13
619,5
620,7
621,8
622,3
623,4
624,4
625,4
626,4
627,8
628,6
629,8
630,10
631,8
632,2
633,8
634,9
635,1
636,3
637,56
638,3
639,4
640,8
641,4
642,8
643,9
644,8
645,3
646,7
647,6
648,5
649,2
650,3
651,1
652,7
653,4
654,26
655,9
656,1
657,52
658,4
659,3
660,39
661,9
662,7
663,5
664,21
665,9
666,9
667,9
668,5
669,12
670,1
671,1
672,1
673,8
674,4
675,22
676,4
677,1
678,7
679,28
680,5
681,6
682,3
683,3
684,12
685,6
686,8
687,43
688,8
689,10
690,6
691,6
692,18
693,5
694,8
695,47
696,6
697,4
698,8
699,4
700,2
701,4
702,9
703,1
704,11
705,9
706,4
707,5
708,19
709,6
710,6
711,1
712,7
713,3
714,3
715,1
716,2
717,2
718,3
719,4
720,3
721,16
722,58
723,33
724,3
725,1
726,13
727,4
728,4
729,3
730,3
731,1
732,40
733,6
734,6
735,8
736,7
737,7
738,3
739,3
740,6
741,7
742,3
743,6
744,2
745,59
746,2
747,5
748,4
749,6
750,4
751,58
752,4
753,7
754,5
755,4
756,2
757,2
758,4
759,2
760,1
761,3
762,3
763,7
764,7
765,2
766,10
767,5
768,3
769,7
770,6
771,1
772,3
773,4
774,2
775,5
776,2
777,3
778,3
779,5
780,2
781,6
782,3
783,6
784,18
785,3
786,2
787,6
788,2
789,58
790,3
791,13
792,6
793,6
794,6
795,4
796,2
797,4
798,8
799,6
800,7
801,8
802,7
803,3
804,6
805,7
806,32
807,7
808,2
809,7
810,8
811,2
812,4
813,6
814,1
815,6
816,53
817,3
818,33
819,5
820,3
821,5
822,7
823,5
824,3
825,1
826,38
827,17
828,8
829,8
830,4
831,5
832,6
833,18
834,7
835,1
836,6
837,5
838,1
839,1
840,48
841,4
842,8
843,6
844,1
845,3
846,56
847,6
848,32
849,6
850,8
851,9
852,6
853,3
854,12
855,8
856,4
857,1
858,2
859,2
860,9
861,6
862,4
863,3
864,8
865,1
866,7
867,2
868,4
869,9
870,6
871,7
872,18
873,1
874,1
875,53
876,3
877,8
878,2
879,4
880,8
881,8
882,2
883,1
884,16
885,12
886,8
887,46
888,7
889,1
890,37
891,8
892,3
893,6
894,33
895,1
896,5
897,33
898,36
899,10
900,1
901,6
902,7
903,1
904,9
905,2
906,3
907,28
908,5
909,5
910,8
911,5
912,6
913,3
914,26
915,5
916,32
917,3
918,5
919,1
920,3
921,2
922,8
923,6
924,41
925,10
926,3
927,58
928,4
929,11
930,5
931,1
932,3
933,4
934,3
935,5
936,49
937,3
938,6
939,58
940,8
941,8
942,5
943,4
944,8
945,4
946,2
947,4
948,1
949,2
950,3
951,2
952,1
953,1
954,32
955,1
956,1
957,1
958,3
959,1
960,1
961,7
962,5
963,41
964,6
965,52
966,3
967,6
968,6
969,3
970,3
971,2
972,1
973,4
974,6
975,40
976,5
977,9
978,8
979,37
980,9
981,11
982,9
983,4
984,6
985,4
986,4
987,41
988,6
989,1
990,56
991,4
992,4
993,8
994,36
995,10
996,1
997,5
998,6
999,3
1000,53
1001,4
1002,3
1003,5
1004,3
1005,4
1006,8
1007,5
1008,6
1009,5
1010,12
1011,8
1012,3
1013,1
1014,58
1015,1
1016,5
1017,9
1018,4
1019,6
1020,5
1021,17
1022,4
1023,58
1024,8
1025,6
1026,5
1027,4
1028,4
1029,4
1030,3
1031,11
1032,13
1033,9
1034,1
1035,3
1036,1
1037,4
1038,2
1039,4
1040,23
1041,1
1042,4
1043,1
1044,8
1045,7
1046,1
1047,22
1048,3
1049,6
1050,58
1051,6
1052,17
1053,5
1054,3
1055,8
1056,9
1057,2
1058,4
1059,8
1060,3
1061,7
1062,1
1063,4
1064,4
1065,1
1066,58
1067,3
1068,10
1069,9
1070,1
1071,5
1072,17
1073,5
1074,34
1075,1
1076,6
1077,3
1078,6
1079,4
1080,3
1081,1
1082,4
1083,8
1084,6
1085,6
1086,6
1087,8
1088,11
1089,5
1090,1
1091,6
1092,6
1093,3
1094,2
1095,8
1096,6
1097,28
1098,34
1099,1
1100,6
1101,6
1102,7
1103,5
1104,3
1105,1
1106,3
1107,6
1108,3
1109,9
1110,2
1111,7
1112,20
1113,56
1114,7
1115,4
1116,6
1117,6
1118,9
1119,58
1120,2
1121,4
1122,2
1123,4
1124,6
1125,9
1126,4
1127,9
1128,23
1129,3
1130,3
1131,34
1132,3
1133,13
1134,3
1135,3
1136,4
1137,3
1138,49
1139,8
1140,1
1141,6
1142,13
1143,9
1144,4
1145,3
1146,8
1147,7
1148,6
1149,33
1150,53
1151,6
1152,5
1153,4
1154,7
1155,5
1156,25
1157,9
1158,8
1159,3
1160,5
1161,3
1162,3
1163,3
1164,4
1165,4
1166,4
1167,3
1168,6
1169,6
1170,1
1171,8
1172,10
1173,1
1174,10
1175,10
1176,1
1177,2
1178,1
1179,1
1180,1
1181,5
1182,1
1183,1
1184,7
1185,2
1186,9
1187,7
1188,5
1189,48
1190,3
1191,1
1192,7
1193,6
1194,10
1195,9
1196,3
1197,42
1198,3
1199,4
1200,3
1201,3
1202,39
1203,4
1204,9
1205,1
1206,2
1207,7
1208,8
1209,7
1210,4
1211,1
1212,1
1213,1
1214,1
1215,58
1216,9
1217,14
1218,1
1219,36
1220,6
1221,3
1222,6
1223,6
1224,1
1225,3
1226,8
1227,4
1228,4
1229,4
1230,12
1231,3
1232,4
1233,10
1234,5
1235,4
1236,13
1237,10
1238,21
1239,4
1240,4
1241,9
1242,10
1243,4
1244,53
1245,2
1246,55
1247,1
1248,6
1249,3
1250,3
1251,6
1252,1
1253,6
1254,7
1255,8
1256,1
1257,4
1258,1
1259,3
1260,4
1261,3
1262,28
1263,6
1264,8
1265,8
1266,8
1267,1
1268,1
1269,7
1270,4
1271,3
1272,35
1273,28
1274,3
1275,1
1276,6
1277,5
1278,46
1279,4
1280,36
1281,4
1282,6
1283,6
1284,1
1285,3
1286,6
1287,4
1288,4
1289,7
1290,33
1291,1
1292,5
1293,6
1294,6
1295,1
1296,6
1297,3
1298,5
1299,8
1300,7
1301,4
1302,2
1303,16
1304,4
1305,1
1306,20
1307,11
1308,7
1309,3
1310,4
1311,3
1312,7
1313,7
1314,7
1315,5
1316,34
1317,3
1318,4
1319,3
1320,4
1321,4
1322,8
1323,1
1324,9
1325,39
1326,6
1327,7
1328,3
1329,3
1330,2
1331,1
1332,6
1333,11
1334,13
1335,8
1336,32
1337,7
1338,5
1339,4
1340,8
1341,55
1342,3
1343,3
1344,7
1345,6
1346,3
1347,3
1348,7
1349,3
1350,4
1351,5
1352,8
1353,7
1354,9
1355,10
1356,9
1357,7
1358,3
1359,7
1360,57
1361,4
1362,5
1363,8
1364,8
1365,4
1366,9
1367,6
1368,6
1369,28
1370,9
1371,4
1372,3
1373,1
1374,1
1375,10
1376,4
1377,2
1378,1
1379,43
1380,7
1381,5
1382,1
1383,8
1384,7
1385,1
1386,6
1387,1
1388,5
1389,46
1390,8
1391,6
1392,4
1393,4
1394,9
1395,8
1396,8
1397,2
1398,25
1399,5
1400,5
1401,50
1402,6
1403,2
1404,6
1405,8
1406,4
1407,28
1408,32
1409,6
1410,5
1411,12
1412,5
1413,1
1414,3
1415,4
1416,8
1417,3
1418,3
1419,8
1420,57
1421,5
1422,8
1423,6
1424,9
1425,6
1426,12
1427,1
1428,1
1429,1
1430,6
1431,20
1432,2
1433,5
1434,3
1435,8
1436,17
1437,1
1438,6
1439,52
1440,33
1441,6
1442,4
1443,3
1444,46
1445,8
1446,1
1447,12
1448,4
1449,2
1450,2
1451,8
1452,4
1453,6
1454,6
1455,4
1456,4
1457,4
1458,2
1459,4
1460,4
1461,3
1462,24
1463,10
1464,3
1465,1
1466,3
1467,27
1468,2
1469,6
1470,2
1471,5
1472,5
1473,3
1474,8
1475,3
1476,8
1477,1
1478,47
1479,3
1480,35
1481,2
1482,7
1483,4
1484,3
1485,13
1486,3
1487,10
1488,5
1489,3
1490,3
1491,33
1492,6
1493,1
1494,7
1495,8
1496,8
1497,3
1498,33
1499,28
1500,6
1501,3
1502,7
1503,2
1504,9
1505,1
1506,6
1507,7
1508,5
1509,7
1510,7
1511,1
1512,9
1513,8
1514,9
1515,7
1516,6
1517,20
1518,2
1519,6
1520,3
1521,4
1522,2
1523,9
1524,1
1525,25
1526,1
1527,4
1528,6
1529,3
1530,6
1531,4
1532,6
1533,4
1534,4
1535,6
1536,8
1537,3
1538,6
1539,1
1540,1
1541,50
1542,2
1543,7
1544,3
1545,8
1546,18
1547,6
1548,1
1549,1
1550,34
1551,1
1552,6
1553,7
1554,5
1555,8
1556,11
1557,2
1558,3
1559,4
1560,7
1561,8
1562,9
1563,7
1564,8
1565,9
1566,8
1567,58
1568,3
1569,3
1570,5
1571,4
1572,6
1573,6
1574,2
1575,11
1576,10
1577,12
1578,9
1579,47
1580,2
1581,2
1582,25
1583,7
1584,6
1585,3
1586,1
1587,6
1588,6
1589,2
1590,6
1591,6
1592,2
1593,7
1594,8
1595,1
1596,4
1597,8
1598,2
1599,7
1600,4
1601,30
1602,5
1603,5
1604,3
1605,8
1606,1
1607,1
1608,28
1609,6
1610,6
1611,55
1612,11
1613,8
1614,7
1615,5
1616,10
1617,2
1618,1
1619,4
1620,6
1621,10
1622,7
1623,3
1624,7
1625,3
1626,9
1627,6
1628,6
1629,3
1630,3
1631,1
1632,8
1633,4
1634,7
1635,1
1636,16
1637,3
1638,6
1639,7
1640,36
1641,2
1642,8
1643,5
1644,5
1645,5
1646,8
1647,7
1648,12
1649,6
1650,24
1651,4
1652,6
1653,4
1654,8
1655,6
1656,5
1657,7
1658,8
1659,25
1660,4
1661,4
1662,2
1663,4
1664,6
1665,2
1666,6
1667,3
1668,10
1669,4
1670,4
1671,3
1672,19
1673,3
1674,7
1675,9
1676,2
1677,5
1678,2
1679,3
1680,6
1681,4
1682,3
1683,4
1684,6
1685,6
1686,8
1687,6
1688,7
1689,2
1690,8
1691,28
1692,4
1693,1
1694,1
1695,2
1696,5
1697,7
1698,8
1699,1
1700,6
1701,9
1702,7
1703,2
1704,9
1705,6
1706,4
1707,4
1708,5
1709,8
1710,8
1711,4
1712,3
1713,2
1714,7
1715,6
1716,4
1717,8
1718,5
1719,46
1720,6
1721,6
1722,7
1723,3
1724,7
1725,3
1726,6
1727,10
1728,7
1729,4
1730,41
1731,41
1732,43
1733,6
1734,3
1735,6
1736,56
1737,3
1738,6
1739,2
1740,1
1741,7
1742,33
1743,4
1744,26
1745,11
1746,2
1747,1
1748,52
1749,8
1750,41
1751,6
1752,6
1753,3
1754,18
1755,2
1756,56
1757,2
1758,4
1759,6
1760,54
1761,7
1762,12
1763,6
1764,6
1765,5
1766,4
1767,30
1768,53
1769,4
1770,6
1771,2
1772,1
1773,4
1774,6
1775,7
1776,13
1777,8
1778,3
1779,8
1780,1
1781,9
1782,6
1783,8
1784,2
1785,3
1786,1
1787,9
1788,52
1789,42
1790,41
1791,3
1792,25
1793,6
1794,12
1795,3
1796,11
1797,1
1798,1
1799,3
1800,2
1801,3
1802,35
1803,6
1804,5
1805,28
1806,3
1807,19
1808,7
1809,5
1810,1
1811,28
1812,2
1813,6
1814,3
1815,24
1816,58
1817,3
1818,7
1819,2
1820,33
1821,1
1822,4
1823,4
1824,4
1825,4
1826,2
1827,4
1828,4
1829,8
1830,3
1831,9
1832,4
1833,1
1834,7
1835,33
1836,8
1837,8
1838,3
1839,2
1840,2
1841,7
1842,34
1843,14
1844,1
1845,9
1846,7
1847,8
1848,6
1849,2
1850,3
1851,5
1852,2
1853,6
1854,41
1855,5
1856,3
1857,3
1858,6
1859,17
1860,11
1861,8
1862,6
1863,1
1864,5
1865,4
1866,8
1867,4
1868,9
1869,26
1870,5
1871,10
1872,3
1873,4
1874,1
1875,49
1876,3
1877,8
1878,30
1879,4
1880,1
1881,6
1882,8
1883,1
1884,4
1885,1
1886,4
1887,1
1888,3
1889,1
1890,1
1891,2
1892,39
1893,3
1894,4
1895,33
1896,1
1897,4
1898,6
1899,1
1900,4
1901,3
1902,50
1903,1
1904,7
1905,10
1906,7
1907,12
1908,4
1909,4
1910,6
1911,4
1912,31
1913,3
1914,6
1915,8
1916,8
1917,24
1918,58
1919,9
1920,58
1921,11
1922,6
1923,9
1924,7
1925,1
1926,5
1927,6
1928,2
1929,6
1930,16
1931,5
1932,8
1933,6
1934,8
1935,6
1936,4
1937,6
1938,18
1939,1
1940,2
1941,7
1942,4
1943,4
1944,6
1945,52
1946,1
1947,3
1948,46
1949,4
1950,2
1951,6
1952,8
1953,4
1954,8
1955,8
1956,7
1957,8
1958,4
1959,4
1960,6
1961,28
1962,6
1963,4
1964,12
1965,4
1966,8
1967,7
1968,12
1969,7
1970,1
1971,54
1972,23
1973,9
1974,6
1975,11
1976,6
1977,2
1978,2
1979,1
1980,6
1981,1
1982,8
1983,34
1984,1
1985,2
1986,6
1987,50
1988,8
1989,5
1990,9
1991,4
1992,6
1993,6
1994,4
1995,6
1996,3
1997,6
1998,8
1999,9
2000,28
2001,5
2002,3
2003,6
2004,3
2005,6
2006,6
2007,23
2008,5
2009,4
2010,8
2011,4
2012,53
2013,2
2014,28
2015,6
2016,12
2017,46
2018,1
2019,8
2020,2
2021,5
2022,3
2023,7
2024,6
2025,4
2026,1
2027,4
2028,4
2029,6
2030,1
2031,5
2032,3
2033,6
2034,8
2035,4
2036,1
2037,5
2038,1
2039,4
2040,5
2041,1
2042,9
2043,3
2044,6
2045,7
2046,4
2047,5
2048,1
2049,1
2050,2
2051,5
2052,6
2053,1
2054,6
2055,3
2056,5
2057,50
2058,5
2059,4
2060,4
2061,8
2062,8
2063,14
2064,1
2065,6
2066,43
2067,1
2068,6
2069,1
2070,10
2071,9
2072,1
2073,8
2074,6
2075,8
2076,4
2077,24
2078,8
2079,3
2080,1
2081,3
2082,2
2083,9
2084,8
2085,8
2086,58
2087,1
2088,3
2089,1
2090,3
2091,6
2092,53
2093,7
2094,2
2095,4
2096,7
2097,22
2098,17
2099,7
2100,10
2101,5
2102,6
2103,8
2104,8
2105,4
2106,17
2107,5
2108,28
2109,6
2110,7
2111,1
2112,4
2113,12
2114,3
2115,7
2116,4
2117,58
2118,6
2119,5
2120,7
2121,1
2122,29
2123,6
2124,1
2125,21
2126,1
2127,3
2128,8
2129,5
2130,9
2131,7
2132,2
2133,5
2134,6
2135,14
2136,9
2137,3
2138,3
2139,8
2140,17
2141,5
2142,5
2143,5
2144,3
2145,6
2146,3
2147,2
2148,35
2149,5
2150,4
2151,8
2152,5
2153,4
2154,7
2155,7
2156,6
2157,17
2158,4
2159,1
2160,4
2161,4
2162,7
2163,46
2164,55
2165,6
2166,59
2167,2
2168,6
2169,9
2170,4
2171,1
2172,6
2173,4
2174,52
2175,20
2176,8
2177,53
2178,4
2179,4
2180,35
2181,52
2182,1
2183,6
2184,6
2185,1
2186,36
2187,6
2188,6
2189,7
2190,2
2191,8
2192,3
2193,3
2194,3
2195,9
2196,1
2197,2
2198,5
2199,8
2200,3
2201,3
2202,7
2203,3
2204,2
2205,4
2206,4
2207,3
2208,5
2209,6
2210,4
2211,1
2212,6
2213,33
2214,23
2215,5
2216,3
2217,4
2218,1
2219,1
2220,10
2221,6
2222,9
2223,7
2224,2
2225,58
2226,13
2227,3
2228,3
2229,6
2230,4
2231,1
2232,41
2233,6
2234,1
2235,6
2236,2
2237,2
2238,4
2239,4
2240,3
2241,1
2242,2
2243,1
2244,1
2245,30
2246,4
2247,1
2248,9
2249,10
2250,35
2251,1
2252,30
2253,58
2254,3
2255,7
2256,20
2257,10
2258,7
2259,1
2260,8
2261,1
2262,3
2263,57
2264,2
2265,3
2266,8
2267,1
2268,6
2269,4
2270,3
2271,2
2272,4
2273,3
2274,3
2275,4
2276,4
2277,8
2278,1
2279,9
2280,4
2281,1
2282,1
2283,6
2284,2
2285,6
2286,7
2287,6
2288,8
2289,10
2290,21
2291,3
2292,3
2293,1
2294,1
2295,5
2296,4
2297,8
2298,6
2299,2
2300,46
2301,3
2302,5
2303,2
2304,2
2305,6
2306,7
2307,9
2308,4
2309,9
2310,5
2311,4
2312,4
2313,53
2314,6
2315,1
2316,3
2317,56
2318,33
2319,7
2320,28
2321,6
2322,8
2323,6
2324,1
2325,8
2326,5
2327,3
2328,7
2329,2
2330,1
2331,4
2332,1
2333,1
2334,1
2335,1
2336,3
2337,3
2338,1
2339,1
2340,1
2341,2
2342,33
2343,7
2344,6
2345,11
2346,9
2347,27
2348,1
2349,6
2350,7
2351,8
2352,7
2353,53
2354,2
2355,8
2356,1
2357,4
2358,53
2359,1
2360,8
2361,6
2362,6
2363,3
2364,7
2365,4
2366,4
2367,4
2368,4
2369,5
2370,4
2371,6
2372,4
2373,8
2374,3
2375,56
2376,32
2377,2
2378,46
2379,6
2380,34
2381,9
2382,20
2383,4
2384,4
2385,12
2386,7
2387,3
2388,36
2389,28
2390,3
2391,8
2392,3
2393,1
2394,4
2395,26
2396,13
2397,1
2398,50
2399,8
2400,9
2401,59
2402,1
2403,4
2404,35
2405,4
2406,7
2407,1
2408,1
2409,4
2410,2
2411,4
2412,2
2413,6
2414,34
2415,4
2416,5
2417,6
2418,9
2419,35
2420,3
2421,2
2422,4
2423,10
2424,6
2425,4
2426,1
2427,7
2428,6
2429,3
2430,5
2431,5
2432,9
2433,49
2434,7
2435,3
2436,12
2437,4
2438,11
2439,7
2440,4
2441,5
2442,7
2443,7
2444,9
2445,3
2446,3
2447,28
2448,7
2449,2
2450,4
2451,1
2452,6
2453,3
2454,8
2455,3
2456,5
2457,56
2458,13
2459,3
2460,6
2461,30
2462,7
2463,3
2464,4
2465,3
2466,7
2467,56
2468,4
2469,19
2470,6
2471,8
2472,6
2473,4
2474,5
2475,9
2476,23
2477,1
2478,11
2479,6
2480,7
2481,50
2482,4
2483,1
2484,8
2485,4
2486,21
2487,4
2488,4
2489,13
2490,5
2491,5
2492,7
2493,5
2494,5
2495,4
2496,1
2497,28
2498,1
2499,5
2500,4
2501,8
2502,58
2503,5
2504,5
2505,5
2506,4
2507,1
2508,1
2509,6
2510,3
2511,4
2512,4
2513,6
2514,5
2515,2
2516,4
2517,2
2518,4
2519,7
2520,52
2521,3
2522,11
2523,2
2524,1
2525,6
2526,1
2527,5
2528,5
2529,1
2530,43
2531,3
2532,4
2533,4
2534,8
2535,1
2536,33
2537,31
2538,3
2539,3
2540,4
2541,6
2542,7
2543,4
2544,1
2545,4
2546,1
2547,1
2548,4
2549,1
2550,5
2551,2
2552,2
2553,4
2554,34
2555,1
2556,4
2557,8
2558,3
2559,3
2560,4
2561,8
2562,13
2563,4
2564,6
2565,6
2566,2
2567,20
2568,6
2569,4
2570,2
2571,5
2572,4
2573,3
2574,6
2575,5
2576,24
2577,4
2578,5
2579,3
2580,6
2581,1
2582,9
2583,3
2584,4
2585,1
2586,4
2587,33
2588,4
2589,34
2590,5
2591,3
2592,7
2593,1
2594,27
2595,30
2596,3
2597,10
2598,5
2599,2
2600,9
2601,4
2602,6
2603,4
2604,6
2605,8
2606,6
2607,1
2608,4
2609,1
2610,5
2611,9
2612,46
2613,6
2614,4
2615,4
2616,6
2617,4
2618,3
2619,2
2620,5
2621,3
2622,33
2623,4
2624,13
2625,31
2626,6
2627,4
2628,2
2629,6
2630,4
2631,6
2632,5
2633,46
2634,1
2635,9
2636,1
2637,3
2638,10
2639,4
2640,2
2641,3
2642,4
2643,24
2644,6
2645,3
2646,31
2647,10
2648,57
2649,9
2650,28
2651,5
2652,6
2653,11
2654,2
2655,12
2656,11
2657,4
2658,18
2659,2
2660,10
2661,6
2662,1
2663,4
2664,4
2665,1
2666,1
2667,46
2668,4
2669,1
2670,1
2671,3
2672,6
2673,58
2674,5
2675,7
2676,4
2677,5
2678,3
2679,1
2680,5
2681,3
2682,5
2683,3
2684,8
2685,33
2686,6
2687,8
2688,4
2689,2
2690,4
2691,41
2692,12
2693,1
2694,9
2695,6
2696,5
2697,4
2698,8
2699,12
2700,1
2701,1
2702,9
2703,1
2704,1
2705,7
2706,6
2707,25
2708,6
2709,4
2710,5
2711,2
2712,36
2713,3
2714,7
2715,1
2716,7
2717,4
2718,4
2719,7
2720,2
2721,8
2722,15
2723,4
2724,1
2725,6
2726,4
2727,3
2728,31
2729,3
2730,6
2731,4
2732,3
2733,3
2734,7
2735,6
2736,8
2737,8
2738,4
2739,5
2740,27
2741,3
2742,8
2743,5
2744,57
2745,25
2746,6
2747,6
2748,53
2749,56
2750,5
2751,8
2752,8
2753,47
2754,6
2755,4
2756,12
2757,17
2758,6
2759,8
2760,1
2761,1
2762,4
2763,9
2764,1
2765,44
2766,1
2767,5
2768,8
2769,7
2770,8
2771,8
2772,3
2773,28
2774,24
2775,52
2776,9
2777,44
2778,6
2779,39
2780,6
2781,8
2782,6
2783,2
2784,3
2785,44
2786,7
2787,6
2788,3
2789,3
2790,8
2791,2
2792,6
2793,8
2794,1
2795,4
2796,5
2797,5
2798,1
2799,7
2800,5
2801,4
2802,47
2803,50
2804,4
2805,1
2806,3
2807,5
2808,2
2809,6
2810,7
2811,8
2812,4
2813,6
2814,3
2815,5
2816,5
2817,2
2818,6
2819,4
2820,4
2821,50
2822,7
2823,6
2824,6
2825,4
2826,1
2827,4
2828,6
2829,8
2830,56
2831,1
2832,6
2833,12
2834,56
2835,4
2836,6
2837,12
2838,6
2839,3
2840,5
2841,6
2842,11
2843,53
2844,4
2845,3
2846,17
2847,4
2848,7
2849,5
2850,6
2851,8
2852,39
2853,6
2854,8
2855,7
2856,5
2857,3
2858,2
2859,6
2860,1
2861,6
2862,1
2863,8
2864,28
2865,6
2866,7
2867,12
2868,2
2869,8
2870,4
2871,4
2872,8
2873,8
2874,8
2875,7
2876,49
2877,4
2878,7
2879,42
2880,8
2881,6
2882,5
2883,8
2884,7
2885,6
2886,5
2887,7
2888,3
2889,4
2890,6
2891,4
2892,1
2893,4
2894,3
2895,6
2896,3
2897,1
2898,6
2899,3
2900,4
2901,3
2902,6
2903,16
2904,4
2905,7
2906,3
2907,15
2908,55
2909,5
2910,5
2911,27
2912,1
2913,4
2914,6
2915,8
2916,6
2917,5
2918,6
2919,10
2920,9
2921,8
2922,4
2923,6
2924,7
2925,12
2926,8
2927,3
2928,1
2929,8
2930,45
2931,4
2932,2
2933,4
2934,8
2935,2
2936,7
2937,7
2938,4
2939,2
2940,8
2941,33
2942,1
2943,2
2944,7
2945,3
2946,58
2947,4
2948,6
2949,5
2950,4
2951,6
2952,8
2953,5
2954,7
2955,2
2956,4
2957,7
2958,8
2959,6
2960,8
2961,1
2962,3
2963,4
2964,3
2965,4
2966,6
2967,1
2968,29
2969,13
2970,5
2971,8
2972,3
2973,10
2974,8
2975,8
2976,6
2977,3
2978,1
2979,7
2980,4
2981,6
2982,43
2983,3
2984,12
2985,3
2986,1
2987,6
2988,22
2989,9
2990,7
2991,1
2992,37
2993,24
2994,8
2995,3
2996,6
2997,4
2998,4
2999,6
3000,28
3001,40
3002,6
3003,2
3004,5
3005,2
3006,2
3007,2
3008,9
3009,25
3010,3
3011,20
3012,3
3013,7
3014,4
3015,4
3016,2
3017,6
3018,6
3019,6
3020,1
3021,5
3022,3
3023,4
3024,3
3025,7
3026,1
3027,7
3028,7
3029,16
3030,44
3031,5
3032,2
3033,3
3034,8
3035,4
3036,1
3037,4
3038,5
3039,1
3040,2
3041,52
3042,4
3043,6
3044,49
3045,1
3046,55
3047,2
3048,12
3049,1
3050,2
3051,17
3052,3
3053,43
3054,5
3055,3
3056,3
3057,6
3058,58
3059,20
3060,5
3061,3
3062,3
3063,13
3064,6
3065,6
3066,7
3067,3
3068,5
3069,8
3070,1
3071,6
3072,3
3073,58
3074,43
3075,25
3076,3
3077,9
3078,1
3079,4
3080,1
3081,17
3082,8
3083,4
3084,34
3085,3
3086,4
3087,4
3088,4
3089,6
3090,9
3091,5
3092,2
3093,8
3094,9
3095,4
3096,6
3097,5
3098,3
3099,33
3100,5
3101,7
3102,5
3103,4
3104,3
3105,3
3106,4
3107,4
3108,1
3109,8
3110,12
3111,28
3112,6
3113,6
3114,6
3115,5
3116,7
3117,4
3118,5
3119,3
3120,5
3121,6
3122,5
3123,2
3124,5
3125,3
3126,5
3127,3
3128,5
3129,7
3130,8
3131,5
3132,6
3133,5
3134,3
3135,3
3136,2
3137,6
3138,18
3139,1
3140,7
3141,6
3142,4
3143,4
3144,3
3145,10
3146,8
3147,3
3148,6
3149,9
3150,4
3151,5
3152,1
3153,6
3154,4
3155,5
3156,4
3157,2
3158,1
3159,8
3160,3
3161,6
3162,5
3163,12
3164,6
3165,19
3166,6
3167,17
3168,4
3169,2
3170,2
3171,3
3172,42
3173,3
3174,7
3175,2
3176,8
3177,2
3178,5
3179,8
3180,8
3181,1
3182,3
3183,56
3184,9
3185,3
3186,3
3187,1
3188,4
3189,3
3190,6
3191,7
3192,23
3193,5
3194,4
3195,32
3196,6
3197,8
3198,1
3199,9
3200,17
3201,11
3202,5
3203,59
3204,1
3205,1
3206,8
3207,9
3208,58
3209,2
3210,3
3211,1
3212,7
3213,22
3214,1
3215,5
3216,31
3217,6
3218,1
3219,7
3220,8
3221,3
3222,6
3223,4
3224,39
3225,43
3226,6
3227,6
3228,56
3229,4
3230,3
3231,3
3232,6
3233,8
3234,4
3235,27
3236,2
3237,2
3238,13
3239,4
3240,6
3241,3
3242,3
3243,2
3244,7
3245,4
3246,4
3247,2
3248,28
3249,4
3250,6
3251,18
3252,3
3253,8
3254,9
3255,1
3256,3
3257,46
3258,12
3259,9
3260,5
3261,52
3262,6
3263,7
3264,3
3265,2
3266,4
3267,53
3268,9
3269,33
3270,5
3271,4
3272,3
3273,8
3274,3
3275,8
3276,53
3277,8
3278,7
3279,45
3280,8
3281,5
3282,1
3283,6
3284,4
3285,5
3286,9
3287,4
3288,1
3289,3
3290,8
3291,4
3292,1
3293,5
3294,3
3295,19
3296,6
3297,7
3298,4
3299,3
3300,1
3301,8
3302,4
3303,6
3304,9
3305,1
3306,3
3307,3
3308,8
3309,6
3310,8
3311,2
3312,7
3313,2
3314,4
3315,36
3316,3
3317,4
3318,1
3319,1
3320,8
3321,8
3322,5
3323,4
3324,2
3325,5
3326,34
3327,5
3328,14
3329,11
3330,10
3331,9
3332,46
3333,7
3334,4
3335,6
3336,16
3337,2
3338,1
3339,8
3340,46
3341,9
3342,3
3343,6
3344,34
3345,6
3346,23
3347,4
3348,10
3349,5
3350,6
3351,5
3352,5
3353,27
3354,3
3355,2
3356,1
3357,4
3358,3
3359,6
3360,3
3361,3
3362,10
3363,4
3364,4
3365,12
3366,3
3367,1
3368,3
3369,8
3370,4
3371,4
3372,5
3373,3
3374,5
3375,3
3376,4
3377,3
3378,7
3379,8
3380,34
3381,6
3382,7
3383,5
3384,28
3385,7
3386,7
3387,8
3388,6
3389,7
3390,1
3391,3
3392,4
3393,4
3394,9
3395,1
3396,3
3397,8
3398,28
3399,46
3400,3
3401,5
3402,52
3403,3
3404,3
3405,4
3406,6
3407,1
3408,3
3409,5
3410,12
3411,6
3412,2
3413,8
3414,3
3415,7
3416,3
3417,2
3418,8
3419,56
3420,8
3421,4
3422,58
3423,6
3424,8
3425,5
3426,5
3427,4
3428,34
3429,29
3430,1
3431,3
3432,5
3433,2
3434,6
3435,8
3436,45
3437,6
3438,6
3439,3
3440,4
3441,41
3442,3
3443,5
3444,10
3445,6
3446,9
3447,2
3448,58
3449,7
3450,4
3451,6
3452,9
3453,1
3454,4
3455,8
3456,2
3457,3
3458,8
3459,46
3460,8
3461,3
3462,8
3463,8
3464,57
3465,2
3466,4
3467,8
3468,8
3469,1
3470,4
3471,56
3472,46
3473,10
3474,1
3475,3
3476,3
3477,4
3478,6
3479,8
3480,3
3481,8
3482,45
3483,3
3484,4
3485,53
3486,7
3487,1
3488,19
3489,43
3490,1
3491,5
3492,1
3493,4
3494,2
3495,8
3496,5
3497,43
3498,5
3499,3
3500,28
3501,1
3502,47
3503,8
3504,6
3505,4
3506,5
3507,11
3508,2
3509,6
3510,6
3511,8
3512,3
3513,50
3514,1
3515,1
3516,3
3517,6
3518,3
3519,5
3520,6
3521,7
3522,3
3523,4
3524,9
3525,3
3526,13
3527,7
3528,7
3529,7
3530,2
3531,6
3532,42
3533,8
3534,3
3535,3
3536,6
3537,6
3538,3
3539,21
3540,2
3541,8
3542,12
3543,1
3544,4
3545,8
3546,1
3547,4
3548,22
3549,13
3550,8
3551,4
3552,7
3553,3
3554,6
3555,58
3556,4
3557,6
3558,7
3559,6
3560,4
3561,57
3562,6
3563,4
3564,4
3565,3
3566,1
3567,5
3568,11
3569,8
3570,1
3571,53
3572,32
3573,3
3574,9
3575,3
3576,11
3577,1
3578,1
3579,9
3580,3
3581,2
3582,28
3583,2
3584,5
3585,4
3586,4
3587,33
3588,8
3589,3
3590,47
3591,4
3592,14
3593,6
3594,3
3595,9
3596,1
3597,7
3598,4
3599,2
3600,45
3601,8
3602,6
3603,5
3604,7
3605,5
3606,4
3607,3
3608,6
3609,4
3610,5
3611,3
3612,6
3613,5
3614,4
3615,4
3616,9
3617,1
3618,1
3619,3
3620,4
3621,8
3622,1
3623,5
3624,20
3625,2
3626,3
3627,4
3628,5
3629,1
3630,24
3631,3
3632,4
3633,3
3634,5
3635,1
3636,2
3637,8
3638,26
3639,39
3640,2
3641,5
3642,1
3643,2
3644,4
3645,57
3646,4
3647,6
3648,3
3649,4
3650,2
3651,9
3652,33
3653,5
3654,2
3655,8
3656,27
3657,3
3658,57
3659,21
3660,2
3661,36
3662,58
3663,3
3664,4
3665,7
3666,3
3667,7
3668,1
3669,2
3670,28
3671,3
3672,3
3673,4
3674,12
3675,5
3676,6
3677,3
3678,2
3679,49
3680,4
3681,4
3682,1
3683,8
3684,5
3685,6
3686,9
3687,7
3688,1
3689,14
3690,4
3691,44
3692,8
3693,8
3694,36
3695,7
3696,53
3697,3
3698,2
3699,1
3700,3
3701,3
3702,56
3703,6
3704,6
3705,9
3706,6
3707,5
3708,52
3709,9
3710,7
3711,7
3712,9
3713,4
3714,2
3715,7
3716,3
3717,3
3718,1
3719,49
3720,6
3721,8
3722,9
3723,9
3724,9
3725,1
3726,16
3727,9
3728,5
3729,3
3730,3
3731,2
3732,1
3733,4
3734,30
3735,8
3736,5
3737,9
3738,6
3739,4
3740,4
3741,5
3742,3
3743,4
3744,29
3745,40
3746,6
3747,31
3748,6
3749,8
3750,7
3751,12
3752,53
3753,7
3754,1
3755,1
3756,8
3757,12
3758,36
3759,6
3760,4
3761,3
3762,7
3763,6
3764,1
3765,4
3766,10
3767,4
3768,2
3769,6
3770,3
3771,3
3772,3
3773,49
3774,3
3775,6
3776,5
3777,1
3778,3
3779,7
3780,3
3781,4
3782,6
3783,6
3784,4
3785,4
3786,3
3787,6
3788,7
3789,5
3790,3
3791,4
3792,46
3793,6
3794,4
3795,3
3796,2
3797,4
3798,5
3799,9
3800,11
3801,9
3802,6
3803,7
3804,5
3805,5
3806,5
3807,4
3808,8
3809,3
3810,12
3811,9
3812,1
3813,11
3814,6
3815,6
3816,6
3817,4
3818,9
3819,24
3820,3
3821,1
3822,8
3823,36
3824,31
3825,17
3826,5
3827,3
3828,8
3829,6
3830,6
3831,7
3832,6
3833,1
3834,9
3835,53
3836,2
3837,1
3838,5
3839,19
3840,7
3841,11
3842,7
3843,5
3844,7
3845,2
3846,6
3847,6
3848,1
3849,43
3850,5
3851,5
3852,3
3853,5
3854,45
3855,3
3856,6
3857,6
3858,7
3859,2
3860,11
3861,14
3862,9
3863,2
3864,52
3865,7
3866,1
3867,3
3868,4
3869,7
3870,33
3871,6
3872,4
3873,7
3874,2
3875,6
3876,28
3877,3
3878,9
3879,4
3880,33
3881,6
3882,33
3883,6
3884,8
3885,7
3886,2
3887,29
3888,1
3889,5
3890,58
3891,1
3892,2
3893,33
3894,6
3895,5
3896,9
3897,7
3898,1
3899,6
3900,16
3901,3
3902,4
3903,8
3904,2
3905,2
3906,3
3907,7
3908,39
3909,5
3910,1
3911,4
3912,28
3913,7
3914,19
3915,9
3916,8
3917,5
3918,1
3919,4
3920,24
3921,3
3922,6
3923,2
3924,2
3925,8
3926,1
3927,4
3928,2
3929,3
3930,8
3931,17
3932,9
3933,1
3934,3
3935,6
3936,27
3937,11
3938,6
3939,8
3940,9
3941,9
3942,6
3943,39
3944,6
3945,7
3946,46
3947,1
3948,6
3949,9
3950,6
3951,2
3952,49
3953,43
3954,2
3955,3
3956,6
3957,4
3958,10
3959,4
3960,1
3961,3
3962,7
3963,8
3964,3
3965,5
3966,3
3967,8
3968,7
3969,6
3970,8
3971,33
3972,3
3973,6
3974,2
3975,2
3976,3
3977,6
3978,34
3979,2
3980,9
3981,4
3982,1
3983,6
3984,3
3985,4
3986,2
3987,8
3988,6
3989,27
3990,55
3991,56
3992,4
3993,8
3994,6
3995,5
3996,49
3997,37
3998,9
3999,10
4000,6
4001,2
4002,33
4003,1
4004,3
4005,45
4006,3
4007,2
4008,1
4009,9
4010,4
4011,5
4012,2
4013,24
4014,9
4015,1
4016,2
4017,27
4018,8
4019,4
4020,3
4021,1
4022,2
4023,55
4024,7
4025,1
4026,16
4027,6
4028,6
4029,58
4030,7
4031,9
4032,3
4033,2
4034,4
4035,6
4036,6
4037,1
4038,3
4039,33
4040,42
4041,8
4042,4
4043,12
4044,25
4045,13
4046,3
4047,3
4048,8
4049,19
4050,3
4051,8
4052,6
4053,3
4054,12
4055,11
4056,2
4057,33
4058,6
4059,6
4060,55
4061,5
4062,19
4063,4
4064,1
4065,3
4066,4
4067,49
4068,13
4069,6
4070,8
4071,11
4072,1
4073,11
4074,8
4075,6
4076,49
4077,8
4078,4
4079,3
4080,1
4081,6
4082,4
4083,11
4084,1
4085,4
4086,36
4087,5
4088,39
4089,7
4090,1
4091,28
4092,9
4093,30
4094,3
4095,4
4096,4
4097,41
4098,5
4099,28
4100,6
4101,3
4102,4
4103,3
4104,5
4105,6
4106,6
4107,4
4108,1
4109,2
4110,1
4111,11
4112,6
4113,33
4114,5
4115,3
4116,5
4117,5
4118,5
4119,5
4120,6
4121,2
4122,6
4123,7
4124,3
4125,10
4126,3
4127,9
4128,3
4129,50
4130,3
4131,6
4132,5
4133,6
4134,1
4135,22
4136,1
4137,2
4138,4
4139,2
4140,3
4141,6
4142,2
4143,3
4144,53
4145,5
4146,28
4147,4
4148,14
4149,4
4150,41
4151,6
4152,2
4153,3
4154,3
4155,4
4156,19
4157,11
4158,7
4159,10
4160,9
4161,1
4162,6
4163,46
4164,1
4165,6
4166,6
4167,6
4168,4
4169,8
4170,1
4171,8
4172,6
4173,22
4174,2
4175,6
4176,2
4177,5
4178,1
4179,5
4180,1
4181,6
4182,2
4183,40
4184,4
4185,7
4186,12
4187,1
4188,8
4189,1
4190,2
4191,7
4192,3
4193,3
4194,6
4195,1
4196,57
4197,7
4198,9
4199,4
4200,2
4201,2
4202,46
4203,4
4204,7
4205,6
4206,7
4207,9
4208,4
4209,1
4210,3
4211,1
4212,3
4213,4
4214,7
4215,5
4216,5
4217,3
4218,10
4219,28
4220,6
4221,1
4222,7
4223,2
4224,21
4225,4
4226,5
4227,5
4228,4
4229,5
4230,2
4231,7
4232,2
4233,4
4234,6
4235,4
4236,5
4237,3
4238,3
4239,3
4240,7
4241,4
4242,3
4243,3
4244,6
4245,2
4246,6
4247,3
4248,3
4249,2
4250,36
4251,5
4252,4
4253,12
4254,6
4255,1
4256,34
4257,4
4258,2
4259,6
4260,7
4261,7
4262,2
4263,6
4264,4
4265,7
4266,5
4267,3
4268,7
4269,41
4270,3
4271,1
4272,2
4273,8
4274,4
4275,4
4276,10
4277,5
4278,5
4279,7
4280,6
4281,10
4282,8
4283,7
4284,3
4285,7
4286,29
4287,3
4288,1
4289,9
4290,3
4291,4
4292,3
4293,3
4294,12
4295,1
4296,6
4297,45
4298,4
4299,59
4300,7
4301,3
4302,4
4303,3
4304,19
4305,5
4306,6
4307,6
4308,56
4309,7
4310,7
4311,1
4312,13
4313,31
4314,5
4315,6
4316,5
4317,2
4318,42
4319,29
4320,5
4321,5
4322,3
4323,6
4324,1
4325,5
4326,3
4327,5
4328,1
4329,54
4330,56
4331,5
4332,4
4333,7
4334,7
4335,3
4336,6
4337,55
4338,5
4339,5
4340,6
4341,40
4342,6
4343,50
4344,8
4345,4
4346,8
4347,4
4348,4
4349,7
4350,2
4351,4
4352,6
4353,2
4354,50
4355,2
4356,8
4357,6
4358,6
4359,5
4360,1
4361,7
4362,3
4363,7
4364,9
4365,1
4366,59
4367,1
4368,3
4369,34
4370,7
4371,10
4372,58
4373,1
4374,36
4375,8
4376,36
4377,3
4378,5
4379,2
4380,4
4381,1
4382,8
4383,4
4384,36
4385,28
4386,3
4387,8
4388,3
4389,1
4390,5
4391,56
4392,43
4393,4
4394,6
4395,4
4396,8
4397,32
4398,4
4399,2
4400,10
4401,3
4402,6
4403,8
4404,4
4405,36
4406,3
4407,34
4408,1
4409,6
4410,7
4411,1
4412,24
4413,7
4414,6
4415,3
4416,5
4417,3
4418,1
4419,5
4420,43
4421,4
4422,1
4423,46
4424,5
4425,1
4426,1
4427,28
4428,3
4429,1
4430,4
4431,8
4432,33
4433,2
4434,6
4435,7
4436,6
4437,6
4438,1
4439,5
4440,4
4441,8
4442,4
4443,52
4444,3
4445,3
4446,3
4447,1
4448,1
4449,3
4450,2
4451,4
4452,8
4453,3
4454,12
4455,6
4456,1
4457,4
4458,6
4459,6
4460,6
4461,4
4462,6
4463,4
4464,1
4465,1
4466,8
4467,7
4468,28
4469,1
4470,27
4471,8
4472,3
4473,45
4474,3
4475,4
4476,20
4477,5
4478,33
4479,58
4480,50
4481,5
4482,7
4483,42
4484,10
4485,6
4486,7
4487,2
4488,3
4489,6
4490,8
4491,4
4492,9
4493,1
4494,1
4495,7
4496,7
4497,1
4498,6
4499,16
4500,20
4501,3
4502,4
4503,52
4504,10
4505,8
4506,1
4507,27
4508,5
4509,4
4510,16
4511,3
4512,3
4513,40
4514,36
4515,1
4516,3
4517,58
4518,1
4519,4
4520,3
4521,4
4522,1
4523,3
4524,6
4525,4
4526,8
4527,3
4528,5
4529,9
4530,4
4531,8
4532,5
4533,53
4534,43
4535,3
4536,3
4537,3
4538,8
4539,57
4540,25
4541,1
4542,4
4543,8
4544,1
4545,3
4546,6
4547,4
4548,6
4549,9
4550,5
4551,3
4552,2
4553,13
4554,2
4555,10
4556,7
4557,8
4558,4
4559,5
4560,3
4561,7
4562,6
4563,4
4564,53
4565,4
4566,6
4567,12
4568,4
4569,3
4570,6
4571,7
4572,3
4573,1
4574,22
4575,7
4576,7
4577,46
4578,3
4579,1
4580,1
4581,6
4582,4
4583,4
4584,1
4585,6
4586,6
4587,50
4588,6
4589,6
4590,4
4591,2
4592,53
4593,7
4594,3
4595,7
4596,9
4597,5
4598,6
4599,7
4600,30
4601,4
4602,8
4603,6
4604,4
4605,4
4606,7
4607,6
4608,3
4609,8
4610,6
4611,1
4612,26
4613,2
4614,3
4615,5
4616,9
4617,3
4618,3
4619,4
4620,8
4621,2
4622,3
4623,58
4624,7
4625,5
4626,6
4627,5
4628,4
4629,46
4630,28
4631,9
4632,4
4633,3
4634,1
4635,7
4636,8
4637,8
4638,3
4639,6
4640,2
4641,6
4642,3
4643,18
4644,1
4645,4
4646,4
4647,4
4648,3
4649,9
4650,6
4651,45
4652,1
4653,4
4654,1
4655,7
4656,4
4657,11
4658,8
4659,6
4660,7
4661,31
4662,6
4663,8
4664,4
4665,8
4666,6
4667,17
4668,2
4669,7
4670,3
4671,3
4672,14
4673,12
4674,56
4675,56
4676,1
4677,4
4678,8
4679,1
4680,5
4681,4
4682,27
4683,4
4684,4
4685,8
4686,7
4687,5
4688,8
4689,5
4690,6
4691,7
4692,7
4693,56
4694,1
4695,8
4696,6
4697,2
4698,4
4699,3
4700,54
4701,50
4702,46
4703,12
4704,7
4705,6
4706,2
4707,6
4708,29
4709,4
4710,4
4711,3
4712,8
4713,46
4714,1
4715,3
4716,4
4717,1
4718,7
4719,3
4720,6
4721,7
4722,3
4723,6
4724,3
4725,7
4726,3
4727,6
4728,6
4729,4
4730,3
4731,3
4732,3
4733,11
4734,1
4735,1
4736,4
4737,8
4738,1
4739,2
4740,10
4741,7
4742,3
4743,1
4744,1
4745,4
4746,4
4747,3
4748,1
4749,3
4750,5
4751,6
4752,7
4753,3
4754,33
4755,4
4756,4
4757,8
4758,4
4759,6
4760,6
4761,11
4762,26
4763,2
4764,29
4765,4
4766,49
4767,4
4768,3
4769,3
4770,1
4771,4
4772,1
4773,13
4774,5
4775,5
4776,3
4777,3
4778,5
4779,1
4780,5
4781,54
4782,17
4783,2
4784,6
4785,1
4786,12
4787,3
4788,5
4789,8
4790,12
4791,8
4792,2
4793,6
4794,6
4795,1
4796,46
4797,2
4798,4
4799,4
4800,11
4801,3
4802,1
4803,4
4804,58
4805,23
4806,2
4807,3
4808,3
4809,1
4810,3
4811,1
4812,5
4813,6
4814,6
4815,1
4816,4
4817,1
4818,2
4819,7
4820,14
4821,4
4822,6
4823,4
4824,4
4825,2
4826,3
4827,7
4828,6
4829,2
4830,2
4831,4
4832,9
4833,7
4834,4
4835,2
4836,4
4837,9
4838,4
4839,4
4840,4
4841,1
4842,46
4843,5
4844,4
4845,10
4846,4
4847,6
4848,3
4849,7
4850,7
4851,59
4852,7
4853,50
4854,3
4855,4
4856,5
4857,5
4858,4
4859,7
4860,8
4861,8
4862,9
4863,7
4864,6
4865,4
4866,9
4867,3
4868,3
4869,7
4870,29
4871,6
4872,8
4873,1
4874,6
4875,45
4876,41
4877,4
4878,3
4879,1
4880,49
4881,5
4882,8
4883,4
4884,7
4885,1
4886,3
4887,6
4888,1
4889,5
4890,5
4891,6
4892,2
4893,2
4894,2
4895,4
4896,8
4897,24
4898,4
4899,2
4900,4
4901,3
4902,3
4903,3
4904,2
4905,4
4906,1
4907,4
4908,2
4909,29
4910,2
4911,6
4912,4
4913,38
4914,4
4915,2
4916,8
4917,1
4918,3
4919,14
4920,1
4921,4
4922,6
4923,3
4924,4
4925,6
4926,7
4927,2
4928,4
4929,1
4930,7
4931,8
4932,4
4933,56
4934,6
4935,7
4936,12
4937,2
4938,1
4939,3
4940,1
4941,23
4942,8
4943,1
4944,2
4945,56
4946,39
4947,1
4948,1
4949,8
4950,21
4951,1
4952,4
4953,8
4954,6
4955,9
4956,1
4957,9
4958,3
4959,44
4960,1
4961,3
4962,4
4963,4
4964,1
4965,3
4966,11
4967,14
4968,1
4969,14
4970,4
4971,6
4972,43
4973,4
4974,1
4975,12
4976,4
4977,2
4978,2
4979,5
4980,4
4981,8
4982,2
4983,7
4984,8
4985,3
4986,3
4987,9
4988,5
4989,4
4990,5
4991,2
4992,3
4993,6
4994,2
4995,8
4996,4
4997,6
4998,8
4999,1
5000,1
5001,6
5002,2
5003,2
5004,6
5005,3
5006,1
5007,8
5008,12
5009,5
5010,3
5011,8
5012,1
5013,3
5014,1
5015,3
5016,2
5017,2
5018,1
5019,2
5020,3
5021,8
5022,1
5023,7
5024,6
5025,4
5026,56
5027,39
5028,2
5029,3
5030,6
5031,17
5032,4
5033,1
5034,2
5035,6
5036,11
5037,4
5038,4
5039,16
5040,2
5041,13
5042,8
5043,10
5044,4
5045,1
5046,2
5047,17
5048,4
5049,6
5050,7
5051,2
5052,1
5053,8
5054,56
5055,1
5056,6
5057,1
5058,1
5059,3
5060,6
5061,7
5062,2
5063,7
5064,4
5065,29
5066,22
5067,8
5068,4
5069,5
5070,8
5071,4
5072,7
5073,1
5074,8
5075,2
5076,49
5077,8
5078,3
5079,4
5080,14
5081,2
5082,8
5083,4
5084,6
5085,9
5086,1
5087,5
5088,2
5089,52
5090,1
5091,1
5092,49
5093,3
5094,6
5095,1
5096,7
5097,1
5098,1
5099,7
5100,6
5101,2
5102,30
5103,5
5104,2
5105,43
5106,6
5107,58
5108,3
5109,7
5110,6
5111,4
5112,1
5113,52
5114,7
5115,14
5116,4
5117,6
5118,2
5119,4
5120,3
5121,2
5122,18
5123,31
5124,1
5125,1
5126,6
5127,2
5128,28
5129,3
5130,1
5131,10
5132,1
5133,4
5134,21
5135,4
5136,3
5137,9
5138,1
5139,4
5140,4
5141,3
5142,2
5143,12
5144,41
5145,6
5146,4
5147,5
5148,4
5149,6
5150,2
5151,9
5152,7
5153,1
5154,3
5155,3
5156,8
5157,1
5158,2
5159,1
5160,17
5161,3
5162,1
5163,2
5164,4
5165,1
5166,3
5167,4
5168,4
5169,4
5170,2
5171,4
5172,1
5173,2
5174,4
5175,4
5176,3
5177,9
5178,3
5179,8
5180,2
5181,2
5182,10
5183,58
5184,8
5185,7
5186,2
5187,2
5188,4
5189,2
5190,7
5191,56
5192,9
5193,8
5194,58
5195,4
5196,1
5197,1
5198,17
5199,4
5200,2
5201,1
5202,8
5203,4
5204,2
5205,5
5206,3
5207,9
5208,5
5209,2
5210,8
5211,2
5212,2
5213,49
5214,5
5215,28
5216,7
5217,9
5218,3
5219,4
5220,16
5221,1
5222,2
5223,18
5224,7
5225,8
5226,3
5227,3
5228,2
5229,2
5230,5
5231,4
5232,2
5233,5
5234,4
5235,6
5236,5
5237,3
5238,3
5239,56
5240,6
5241,2
5242,8
5243,4
5244,7
5245,1
5246,8
5247,59
5248,8
5249,5
5250,4
5251,7
5252,53
5253,1
5254,7
5255,1
5256,16
5257,1
5258,6
5259,3
5260,8
5261,1
5262,4
5263,2
5264,8
5265,1
5266,16
5267,3
5268,4
5269,8
5270,2
5271,1
5272,5
5273,1
5274,5
5275,3
5276,5
5277,8
5278,4
5279,3
5280,4
5281,2
5282,7
5283,7
5284,2
5285,1
5286,6
5287,4
5288,1
5289,1
5290,8
5291,1
5292,2
5293,3
5294,8
5295,28
5296,3
5297,5
5298,3
5299,23
5300,8
5301,2
5302,2
5303,4
5304,7
5305,2
5306,1
5307,2
5308,5
5309,4
5310,1
5311,1
5312,3
5313,1
5314,42
5315,1
5316,8
5317,4
5318,3
5319,3
5320,7
5321,4
5322,17
5323,8
5324,4
5325,53
5326,6
5327,44
5328,8
5329,2
5330,4
5331,13
5332,3
5333,10
5334,1
5335,6
5336,3
5337,7
5338,3
5339,2
5340,8
5341,2
5342,1
5343,7
5344,7
5345,33
5346,7
5347,16
5348,9
5349,9
5350,9
5351,47
5352,7
5353,52
5354,5
5355,1
5356,4
5357,6
5358,1
5359,3
5360,2
5361,4
5362,1
5363,3
5364,5
5365,2
5366,6
5367,3
5368,1
5369,8
5370,1
5371,9
5372,28
5373,3
5374,1
5375,6
5376,5
5377,3
5378,46
5379,3
5380,6
5381,4
5382,3
5383,12
5384,2
5385,2
5386,56
5387,10
5388,40
5389,7
5390,19
5391,5
5392,3
5393,2
5394,4
5395,1
5396,7
5397,35
5398,20
5399,2
5400,25
5401,7
5402,4
5403,7
5404,4
5405,4
5406,7
5407,1
5408,7
5409,4
5410,2
5411,7
5412,13
5413,8
5414,9
5415,10
5416,6
5417,2
5418,8
5419,1
5420,7
5421,3
5422,4
5423,4
5424,7
5425,8
5426,9
5427,10
5428,4
5429,4
5430,8
5431,4
5432,1
5433,8
5434,8
5435,7
5436,3
5437,21
5438,4
5439,1
5440,8
5441,3
5442,6
5443,3
5444,1
5445,3
5446,1
5447,4
5448,1
5449,3
5450,39
5451,5
5452,18
5453,33
5454,1
5455,3
5456,6
5457,8
5458,52
5459,9
5460,1
5461,1
5462,4
5463,11
5464,1
5465,12
5466,1
5467,1
5468,1
5469,9
5470,1
5471,7
5472,1
5473,4
5474,3
5475,6
5476,8
5477,2
5478,9
5479,8
5480,6
5481,50
5482,5
5483,4
5484,2
5485,2
5486,8
5487,2
5488,8
5489,28
5490,58
5491,33
5492,30
5493,1
5494,18
5495,6
5496,1
5497,6
5498,3
5499,8
5500,4
5501,8
5502,2
5503,6
5504,1
5505,7
5506,2
5507,1
5508,3
5509,2
5510,4
5511,1
5512,25
5513,17
5514,53
5515,3
5516,4
5517,1
5518,1
5519,4
5520,7
5521,5
5522,4
5523,7
5524,7
5525,7
5526,1
5527,33
5528,1
5529,26
5530,58
5531,4
5532,28
5533,1
5534,4
5535,2
5536,3
5537,1
5538,1
5539,1
5540,1
5541,4
5542,1
5543,9
5544,1
5545,13
5546,9
5547,14
5548,16
5549,3
5550,6
5551,55
5552,4
5553,1
5554,3
5555,2
5556,7
5557,58
5558,7
5559,4
5560,2
5561,56
5562,8
5563,4
5564,1
5565,2
5566,1
5567,4
5568,7
5569,4
5570,5
5571,1
5572,5
5573,4
5574,2
5575,4
5576,7
5577,4
5578,8
5579,3
5580,6
5581,3
5582,1
5583,21
5584,1
5585,17
5586,3
5587,4
5588,1
5589,5
5590,11
5591,1
5592,21
5593,9
5594,1
5595,7
5596,23
5597,55
5598,2
5599,43
5600,6
5601,5
5602,2
5603,4
5604,3
5605,5
5606,7
5607,6
5608,4
5609,1
5610,4
5611,4
5612,4
5613,6
5614,8
5615,6
5616,11
5617,3
5618,5
5619,10
5620,3
5621,8
5622,6
5623,6
5624,3
5625,31
5626,5
5627,37
5628,12
5629,1
5630,2
5631,4
5632,10
5633,2
5634,7
5635,7
5636,50
5637,42
5638,4
5639,1
5640,2
5641,10
5642,7
5643,3
5644,25
5645,56
5646,3
5647,3
5648,6
5649,28
5650,7
5651,5
5652,3
5653,1
5654,8
5655,4
5656,17
5657,36
5658,2
5659,4
5660,8
5661,1
5662,7
5663,7
5664,7
5665,3
5666,3
5667,11
5668,7
5669,5
5670,9
5671,4
5672,5
5673,3
5674,53
5675,32
5676,6
5677,29
5678,2
5679,3
5680,17
5681,8
5682,19
5683,5
5684,9
5685,3
5686,3
5687,3
5688,16
5689,2
5690,5
5691,7
5692,4
5693,1
5694,27
5695,2
5696,2
5697,3
5698,3
5699,8
5700,59
5701,3
5702,3
5703,7
5704,7
5705,7
5706,3
5707,4
5708,17
5709,24
5710,3
5711,6
5712,5
5713,4
5714,8
5715,6
5716,56
5717,3
5718,4
5719,3
5720,3
5721,1
5722,1
5723,2
5724,1
5725,6
5726,56
5727,5
5728,5
5729,9
5730,5
5731,2
5732,4
5733,1
5734,2
5735,4
5736,1
5737,7
5738,2
5739,4
5740,7
5741,4
5742,7
5743,3
5744,7
5745,2
5746,2
5747,2
5748,5
5749,5
5750,1
5751,6
5752,4
5753,3
5754,4
5755,4
5756,6
5757,1
5758,13
5759,3
5760,6
5761,9
5762,48
5763,4
5764,4
5765,2
5766,3
5767,3
5768,54
5769,56
5770,4
5771,7
5772,9
5773,5
5774,17
5775,5
5776,3
5777,1
5778,9
5779,8
5780,6
5781,8
5782,4
5783,10
5784,7
5785,46
5786,4
5787,1
5788,9
5789,1
5790,56
5791,8
5792,38
5793,1
5794,3
5795,3
5796,6
5797,2
5798,3
5799,5
5800,1
5801,2
5802,1
5803,6
5804,58
5805,17
5806,52
5807,47
5808,8
5809,1
5810,5
5811,9
5812,4
5813,1
5814,24
5815,1
5816,5
5817,5
5818,8
5819,2
5820,5
5821,29
5822,5
5823,4
5824,33
5825,4
5826,2
5827,46
5828,3
5829,8
5830,13
5831,29
5832,4
5833,6
5834,9
5835,3
5836,6
5837,3
5838,1
5839,32
5840,4
5841,7
5842,3
5843,3
5844,6
5845,12
5846,1
5847,7
5848,1
5849,5
5850,7
5851,7
5852,33
5853,1
5854,3
5855,1
5856,3
5857,7
5858,8
5859,7
5860,6
5861,1
5862,56
5863,12
5864,4
5865,2
5866,6
5867,3
5868,8
5869,10
5870,8
5871,6
5872,3
5873,3
5874,8
5875,2
5876,58
5877,3
5878,5
5879,17
5880,3
5881,4
5882,3
5883,3
5884,2
5885,4
5886,16
5887,28
5888,4
5889,1
5890,5
5891,5
5892,52
5893,6
5894,2
5895,5
5896,6
5897,6
5898,7
5899,13
5900,4
5901,33
5902,1
5903,3
5904,4
5905,5
5906,6
5907,52
5908,3
5909,9
5910,3
5911,17
5912,4
5913,5
5914,5
5915,18
5916,51
5917,3
5918,9
5919,7
5920,7
5921,37
5922,1
5923,7
5924,3
5925,7
5926,1
5927,6
5928,8
5929,5
5930,7
5931,3
5932,3
5933,6
5934,5
5935,9
5936,3
5937,33
5938,8
5939,4
5940,8
5941,1
5942,16
5943,1
5944,7
5945,1
5946,1
5947,8
5948,1
5949,50
5950,1
5951,58
5952,1
5953,7
5954,8
5955,10
5956,12
5957,3
5958,3
5959,5
5960,6
5961,5
5962,53
5963,8
5964,8
5965,5
5966,8
5967,4
5968,16
5969,1
5970,2
5971,2
5972,6
5973,2
5974,1
5975,49
5976,9
5977,4
5978,7
5979,1
5980,1
5981,3
5982,3
5983,9
5984,2
5985,4
5986,1
5987,6
5988,27
5989,7
5990,8
5991,6
5992,4
5993,1
5994,4
5995,7
5996,10
5997,3
5998,4
5999,2
6000,7
6001,5
6002,1
6003,6
6004,7
6005,5
6006,7
6007,8
6008,3
6009,3
6010,28
6011,3
6012,7
6013,3
6014,17
6015,7
6016,56
6017,4
6018,3
6019,7
6020,1
6021,3
6022,8
6023,1
6024,9
6025,5
6026,1
6027,6
6028,1
6029,4
6030,3
6031,3
6032,2
6033,4
6034,9
6035,7
6036,8
6037,2
6038,14
6039,1
6040,3
